165.980795610426	16.6443543780383	8.5764705882353
167.980795610426	16.5577187308759	8.55931764705883
169.980795610426	16.4719384408849	8.54216470588236
171.980795610426	16.3869951464145	8.52501176470589
173.980795610426	16.302871087933	8.50785882352942
175.980795610426	16.219549081619	8.49070588235295
177.980795610426	16.1370124943973	8.47355294117648
179.980795610426	16.0552452203242	8.45640000000001
181.980795610426	15.9742316582355	8.43924705882353
183.980795610426	15.8939566905762	8.42209411764706
185.980795610426	15.8144056633376	8.40494117647059
187.980795610426	15.7355643670333	8.38778823529412
189.980795610426	15.6574190186482	8.37063529411765
191.980795610426	15.5799562445026	8.35348235294119
193.980795610426	15.5031630639758	8.33632941176471
195.980795610426	15.4270268740363	8.31917647058824
197.980795610426	15.3515354345333	8.30202352941177
199.980795610426	15.2766768542018	8.2848705882353
201.980795610426	15.2024395773429	8.26771764705883
203.980795610426	15.1288123711381	8.25056470588236
205.980795610426	15.0557843135623	8.23341176470588
207.980795610426	14.9833447818625	8.21625882352942
209.980795610426	14.9114834415695	8.19910588235295
211.980795610426	14.8401902360127	8.18195294117648
213.980795610426	14.769455376313	8.16480000000001
215.980795610426	14.6992693318242	8.14764705882354
217.980795610426	14.6296228210017	8.13049411764707
219.980795610426	14.5605068026741	8.11334117647059
221.980795610426	14.4919124676974	8.09618823529412
223.980795610426	14.4238312309707	8.07903529411765
225.980795610426	14.3562547237958	8.06188235294118
227.980795610426	14.2891747865621	8.04472941176471
229.980795610426	14.2225834617404	8.02757647058824
231.980795610426	14.1564729871709	8.01042352941177
233.980795610426	14.0908357896286	7.9932705882353
235.980795610426	14.0256644786553	7.97611764705883
237.980795610426	13.9609518406417	7.95896470588236
239.980795610426	13.8966908331503	7.94181176470589
241.980795610426	13.8328745794653	7.92465882352942
243.980795610426	13.7694963633605	7.90750588235295
245.980795610426	13.7065496240724	7.89035294117647
247.980795610426	13.6440279514718	7.8732
249.980795610426	13.5819250814216	7.85604705882353
251.980795610426	13.5202348913143	7.83889411764707
253.980795610426	13.4589513957802	7.8217411764706
255.980795610426	13.3980687425577	7.80458823529413
257.980795610426	13.3375812085198	7.78743529411765
259.980795610426	13.2774831958486	7.77028235294118
261.980795610426	13.2177692283519	7.75312941176471
263.980795610426	13.1584339479149	7.73597647058824
265.980795610426	13.0994721110819	7.71882352941177
267.980795610426	13.0408785857611	7.7016705882353
269.980795610426	12.9826483480491	7.68451764705883
271.980795610426	12.9247764791671	7.66736470588236
273.980795610426	12.8672581625077	7.65021176470589
275.980795610426	12.8100886807834	7.63305882352942
277.980795610426	12.7532634132767	7.61590588235295
279.980795610426	12.6967778331839	7.59875294117648
281.980795610426	12.6406275050513	7.58160000000001
283.980795610426	12.5848080822991	7.56444705882354
285.980795610426	12.5293153048285	7.54729411764706
287.980795610426	12.4741449967101	7.53014117647059
289.980795610426	12.41929306395	7.51298823529412
291.980795610426	12.3647554923289	7.49583529411765
293.980795610426	12.3105283453143	7.47868235294118
295.980795610426	12.2566077620392	7.46152941176472
297.980795610426	12.2029899553484	7.44437647058824
299.980795610426	12.1496712099068	7.42722352941177
301.980795610426	12.0966478803694	7.4100705882353
303.980795610426	12.0439163896086	7.39291764705883
305.980795610426	11.9914732269987	7.37576470588236
307.980795610426	11.9393149467543	7.35861176470589
309.980795610426	11.8874381663204	7.34145882352941
311.980795610426	11.8358395648123	7.32430588235295
313.980795610426	11.7845158815049	7.30715294117648
315.980795610426	11.7334639143668	7.29000000000001
317.980795610426	11.6826805186405	7.27284705882354
319.980795610426	11.6321626054649	7.25569411764707
321.980795610426	11.5819071405394	7.2385411764706
323.980795610426	11.5319111428281	7.22138823529412
325.980795610426	11.4821716833027	7.20423529411765
327.980795610426	11.4326858837225	7.18708235294118
329.980795610426	11.3834509154497	7.16992941176471
331.980795610426	11.3344639983006	7.15277647058824
333.980795610426	11.2857223994288	7.13562352941177
335.980795610426	11.2372234322414	7.1184705882353
337.980795610426	11.1889644553463	7.10131764705883
339.980795610426	11.1409428715293	7.08416470588236
341.980795610426	11.0931561267599	7.06701176470589
343.980795610426	11.0456017092264	7.04985882352942
345.980795610426	10.9982771483964	7.03270588235295
347.980795610426	10.9511800141044	7.01555294117648
349.980795610426	10.904307915665	6.9984
351.980795610426	10.8576585010097	6.98124705882353
353.980795610426	10.8112294558475	6.96409411764706
355.980795610426	10.7650185028494	6.9469411764706
357.980795610426	10.7190234008534	6.92978823529413
359.980795610426	10.6732419440922	6.91263529411766
361.980795610426	10.6276719614409	6.89548235294118
363.980795610426	10.5823113156852	6.87832941176471
365.980795610426	10.5371579028084	6.86117647058824
367.980795610426	10.4922096512976	6.84402352941177
369.980795610426	10.4474645214685	6.8268705882353
371.980795610426	10.4029205048066	6.80971764705883
373.980795610426	10.3585756233268	6.79256470588236
375.980795610426	10.3144279289486	6.77541176470589
377.980795610426	10.2704755028877	6.75825882352942
379.980795610426	10.2267164550633	6.74110588235295
381.980795610426	10.1831489235199	6.72395294117648
383.980795610426	10.1397710738641	6.70680000000001
385.980795610426	10.0965810987159	6.68964705882354
387.980795610426	10.0535772171724	6.67249411764706
389.980795610426	10.0107576742867	6.65534117647059
391.980795610426	9.96812074055816	6.63818823529412
393.980795610426	9.92566471143564	6.62103529411765
395.980795610426	9.88338790683343	6.60388235294118
397.980795610426	9.84128867065832	6.58672941176471
399.980795610426	9.79936537034833	6.56957647058824
401.980795610426	9.75761639642275	6.55242352941177
403.980795610426	9.71604016204277	6.5352705882353
405.980795610426	9.67463510258261	6.51811764705883
407.980795610426	9.63339967521097	6.50096470588236
409.980795610426	9.5923323584823	6.48381176470589
411.980795610426	9.55143165193764	6.46665882352942
413.980795610426	9.51069607571492	6.44950588235294
415.980795610426	9.47012417016823	6.43235294117648
417.980795610426	9.42971449549604	6.41520000000001
419.980795610426	9.38946563137781	6.39804705882354
421.980795610426	9.3493761766192	6.38089411764707
423.980795610426	9.30944474880519	6.3637411764706
425.980795610426	9.26966998396117	6.34658823529413
427.980795610426	9.23005053622173	6.32943529411765
429.980795610426	9.19058507750682	6.31228235294118
431.980795610426	9.15127229720533	6.29512941176471
433.980795610426	9.1121109018656	6.27797647058824
435.980795610426	9.07309961489285	6.26082352941177
437.980795610426	9.03423717625337	6.2436705882353
439.980795610426	8.9955223421851	6.22651764705883
441.980795610426	8.95695388491467	6.20936470588236
443.980795610426	8.91853059238061	6.19221176470589
445.980795610426	8.88025126796248	6.17505882352942
447.980795610426	8.84211473021595	6.15790588235295
449.980795610426	8.80411981261356	6.14075294117648
451.980795610426	8.76626536329103	6.1236
453.980795610426	8.72855024479904	6.10644705882353
455.980795610426	8.69097333386012	6.08929411764706
457.980795610426	8.65353352113095	6.07214117647059
459.980795610426	8.61622971096941	6.05498823529413
461.980795610426	8.57906082120672	6.03783529411766
463.980795610426	8.54202578292411	6.02068235294119
465.980795610426	8.50512354023446	6.00352941176471
467.980795610426	8.46835305006812	5.98637647058824
469.980795610426	8.43171328196335	5.96922352941177
471.980795610426	8.39520321786104	5.9520705882353
473.980795610426	8.35882185190355	5.93491764705883
475.980795610426	8.32256819023777	5.91776470588236
477.980795610426	8.28644125082199	5.90061176470589
479.980795610426	8.25044006323691	5.88345882352942
481.980795610426	8.21456366850015	5.86630588235295
483.980795610426	8.17881111888483	5.84915294117648
485.980795610426	8.14318147774142	5.83200000000001
487.980795610426	8.10767381932338	5.81484705882354
489.980795610426	8.07228722861611	5.79769411764707
491.980795610426	8.03702080116934	5.78054117647059
493.980795610426	8.00187364293271	5.76338823529412
495.980795610426	7.9668448700948	5.74623529411765
497.980795610426	7.93193360892488	5.72908235294118
499.980795610426	7.89713899561819	5.71192941176471
501.980795610426	7.86246017614388	5.69477647058824
503.980795610426	7.82789630609599	5.67762352941177
505.980795610426	7.7934465505473	5.6604705882353
507.980795610426	7.75911008390592	5.64331764705883
509.980795610426	7.72488608977467	5.62616470588236
511.980795610426	7.69077376081298	5.60901176470589
513.980795610426	7.65677229860161	5.59185882352942
515.980795610426	7.62288091350971	5.57470588235295
517.980795610426	7.58909882456449	5.55755294117647
519.980795610426	7.55542525932325	5.54040000000001
521.980795610426	7.52185945374783	5.52324705882354
523.980795610426	7.48840065208135	5.50609411764707
525.980795610426	7.45504810672725	5.4889411764706
527.980795610426	7.42180107813051	5.47178823529413
529.980795610426	7.38865883466109	5.45463529411766
531.980795610426	7.35562065249942	5.43748235294118
533.980795610426	7.3226858155241	5.42032941176471
535.980795610426	7.28985361520146	5.40317647058824
537.980795610426	7.25712335047722	5.38602352941177
539.980795610426	7.22449432767009	5.3688705882353
541.980795610426	7.19196586036721	5.35171764705883
543.980795610426	7.15953726932155	5.33456470588236
545.980795610426	7.12720788235098	5.31741176470589
547.980795610426	7.09497703423932	5.30025882352942
549.980795610426	7.06284406663892	5.28310588235295
551.980795610426	7.03080832797517	5.26595294117648
553.980795610426	6.99886917335246	5.24880000000001
555.980795610426	6.967025964462	5.23164705882353
557.980795610426	6.935278069491	5.21449411764706
559.980795610426	6.90362486303363	5.19734117647059
561.980795610426	6.87206572600346	5.18018823529412
563.980795610426	6.84060004554726	5.16303529411766
565.980795610426	6.80922721496052	5.14588235294119
567.980795610426	6.7779466336042	5.12872941176472
569.980795610426	6.746757706823	5.11157647058824
571.980795610426	6.715659845865	5.09442352941177
573.980795610426	6.68465246780264	5.0772705882353
575.980795610426	6.65373499545502	5.06011764705883
577.980795610426	6.62290685731157	5.04296470588236
579.980795610426	6.59216748745689	5.02581176470589
581.980795610426	6.5615163254969	5.00865882352942
583.980795610426	6.53095281648626	4.99150588235295
585.980795610426	6.50047641085683	4.97435294117648
587.980795610426	6.47008656434758	4.95720000000001
589.980795610426	6.43978273793532	4.94004705882354
591.980795610426	6.40956439776685	4.92289411764707
593.980795610426	6.37943101509205	4.90574117647059
595.980795610426	6.34938206619808	4.88858823529412
597.980795610426	6.31941703234474	4.87143529411765
599.980795610426	6.28953539970075	4.85428235294118
601.980795610426	6.25973665928112	4.83712941176471
603.980795610426	6.23002030688551	4.81997647058824
605.980795610426	6.20038584303763	4.80282352941177
607.980795610426	6.17083277292547	4.7856705882353
609.980795610426	6.14136060634262	4.76851764705883
611.980795610426	6.11196885763046	4.75136470588236
613.980795610426	6.08265704562123	4.73421176470589
615.980795610426	6.05342469358207	4.71705882352942
617.980795610426	6.02427132915988	4.69990588235295
619.980795610426	5.99519648432705	4.68275294117648
621.980795610426	5.96619969532804	4.6656
623.980795610426	5.93728050262681	4.64844705882354
625.980795610426	5.90843845085503	4.63129411764707
627.980795610426	5.87967308876113	4.6141411764706
629.980795610426	5.85098396916005	4.59698823529413
631.980795610426	5.82237064888389	4.57983529411766
633.980795610426	5.79383268873318	4.56268235294119
635.980795610426	5.76536965342898	4.54552941176471
637.980795610426	5.73698111156569	4.52837647058824
639.980795610426	5.70866663556454	4.51122352941177
641.980795610426	5.68042580162783	4.4940705882353
643.980795610426	5.65225818969381	4.47691764705883
645.980795610426	5.62416338339229	4.45976470588236
647.980795610426	5.59614097000083	4.44261176470589
649.980795610426	5.5681905404017	4.42545882352942
651.980795610426	5.54031168903939	4.40830588235295
653.980795610426	5.51250401387878	4.39115294117648
655.980795610426	5.48476711636387	4.37400000000001
657.980795610426	5.45710060137728	4.35684705882354
659.980795610426	5.42950407720011	4.33969411764706
661.980795610426	5.40197715547261	4.32254117647059
663.980795610426	5.37451945115529	4.30538823529412
665.980795610426	5.34713058249059	4.28823529411765
667.980795610426	5.31981017096521	4.27108235294119
669.980795610426	5.2925578412729	4.25392941176472
671.980795610426	5.26537322127777	4.23677647058825
673.980795610426	5.23825594197822	4.21962352941177
675.980795610426	5.2112056374713	4.2024705882353
677.980795610426	5.18422194491761	4.18531764705883
679.980795610426	5.1573045045067	4.16816470588236
681.980795610426	5.13045295942298	4.15101176470589
683.980795610426	5.10366695581206	4.13385882352942
685.980795610426	5.07694614274761	4.11670588235295
687.980795610426	5.05029017219871	4.09955294117648
689.980795610426	5.02369869899758	4.08240000000001
691.980795610426	4.99717138080781	4.06524705882354
693.980795610426	4.97070787809306	4.04809411764707
695.980795610426	4.94430785408612	4.0309411764706
697.980795610426	4.91797097475846	4.01378823529412
699.980795610426	4.89169690879022	3.99663529411765
701.980795610426	4.86548532754051	3.97948235294118
703.980795610426	4.83933590501824	3.96232941176471
705.980795610426	4.81324831785327	3.94517647058824
707.980795610426	4.78722224526798	3.92802352941177
709.980795610426	4.76125736904929	3.9108705882353
711.980795610426	4.73535337352088	3.89371764705883
713.980795610426	4.709509945516	3.87656470588236
715.980795610426	4.68372677435053	3.85941176470589
717.980795610426	4.65800355179643	3.84225882352942
719.980795610426	4.63233997205553	3.82510588235295
721.980795610426	4.6067357317337	3.80795294117648
723.980795610426	4.58119052981532	3.79080000000001
725.980795610426	4.55570406763817	3.77364705882353
727.980795610426	4.53027604886859	3.75649411764707
729.980795610426	4.50490617947695	3.7393411764706
731.980795610426	4.47959416771351	3.72218823529413
733.980795610426	4.45433972408458	3.70503529411766
735.980795610426	4.42914256132896	3.68788235294119
737.980795610426	4.4040023943947	3.67072941176472
739.980795610426	4.37891894041621	3.65357647058824
741.980795610426	4.35389191869159	3.63642352941177
743.980795610426	4.32892105066036	3.6192705882353
745.980795610426	4.30400605988133	3.60211764705883
747.980795610426	4.27914667201094	3.58496470588236
749.980795610426	4.2543426147817	3.56781176470589
751.980795610426	4.22959361798103	3.55065882352942
753.980795610426	4.20489941343036	3.53350588235295
755.980795610426	4.18025973496441	3.51635294117648
757.980795610426	4.15567431841085	3.49920000000001
759.980795610426	4.13114290157009	3.48204705882354
761.980795610426	4.10666522419551	3.46489411764707
763.980795610426	4.08224102797376	3.44774117647059
765.980795610426	4.05787005650535	3.43058823529412
767.980795610426	4.0335520552856	3.41343529411765
769.980795610426	4.00928677168569	3.39628235294118
771.980795610426	3.98507395493401	3.37912941176472
773.980795610426	3.96091335609773	3.36197647058825
775.980795610426	3.93680472806464	3.34482352941178
777.980795610426	3.91274782552514	3.3276705882353
779.980795610426	3.88874240495451	3.31051764705883
781.980795610426	3.8647882245954	3.29336470588236
783.980795610426	3.8408850444405	3.27621176470589
785.980795610426	3.81703262621544	3.25905882352942
787.980795610426	3.79323073336193	3.24190588235295
789.980795610426	3.76947913102106	3.22475294117648
791.980795610426	3.74577758601685	3.20760000000001
793.980795610426	3.72212586683992	3.19044705882354
795.980795610426	3.6985237436315	3.17329411764707
797.980795610426	3.67497098816744	3.1561411764706
799.980795610426	3.65146737384263	3.13898823529413
801.980795610426	3.62801267565543	3.12183529411765
803.980795610426	3.6046066701924	3.10468235294118
805.980795610426	3.58124913561313	3.08752941176471
807.980795610426	3.55793985163532	3.07037647058824
809.980795610426	3.53467859951997	3.05322352941177
811.980795610426	3.51146516205687	3.0360705882353
813.980795610426	3.48829932355012	3.01891764705884
815.980795610426	3.46518086980386	3.00176470588236
817.980795610426	3.44210958810825	2.98461176470589
819.980795610426	3.4190852672255	2.96745882352942
821.980795610426	3.39610769737621	2.95030588235295
823.980795610426	3.37317667022564	2.93315294117648
825.980795610426	3.35029197887042	2.91600000000001
827.980795610426	3.3274534178252	2.89884705882354
829.980795610426	3.30466078300954	2.88169411764706
831.980795610426	3.28191387173499	2.8645411764706
833.980795610426	3.2592124826922	2.84738823529413
835.980795610426	3.23655641593835	2.83023529411766
837.980795610426	3.21394547288453	2.81308235294119
839.980795610426	3.19137945628343	2.79592941176472
841.980795610426	3.16885817021711	2.77877647058824
843.980795610426	3.14638142008488	2.76162352941177
845.980795610426	3.12394901259133	2.7444705882353
847.980795610426	3.10156075573457	2.72731764705883
849.980795610426	3.07921645879449	2.71016470588236
851.980795610426	3.05691593232125	2.69301176470589
853.980795610426	3.03465898812383	2.67585882352942
855.980795610426	3.01244543925877	2.65870588235295
857.980795610426	2.99027510001896	2.64155294117648
859.980795610426	2.96814778592267	2.62440000000001
861.980795610426	2.94606331370259	2.60724705882354
863.980795610426	2.92402150129503	2.59009411764707
865.980795610426	2.90202216782929	2.5729411764706
867.980795610426	2.88006513361708	2.55578823529412
869.980795610426	2.85815022014209	2.53863529411765
871.980795610426	2.83627725004968	2.52148235294118
873.980795610426	2.81444604713666	2.50432941176472
875.980795610426	2.79265643634123	2.48717647058825
877.980795610426	2.77090824373297	2.47002352941178
879.980795610426	2.74920129650297	2.45287058823531
881.980795610426	2.72753542295409	2.43571764705883
883.980795610426	2.7059104524913	2.41856470588236
885.980795610426	2.68432621561211	2.40141176470589
887.980795610426	2.66278254389714	2.38425882352942
889.980795610426	2.64127927000079	2.36710588235295
891.980795610426	2.61981622764196	2.34995294117648
893.980795610426	2.59839325159496	2.33280000000001
895.980795610426	2.57701017768041	2.31564705882354
897.980795610426	2.55566684275636	2.29849411764707
899.980795610426	2.53436308470938	2.2813411764706
901.980795610426	2.51309874244586	2.26418823529413
903.980795610426	2.4918736558833	2.24703529411766
905.980795610426	2.47068766594177	2.22988235294118
907.980795610426	2.44954061453544	2.21272941176471
909.980795610426	2.42843234456417	2.19557647058824
911.980795610426	2.40736269990525	2.17842352941177
913.980795610426	2.38633152540514	2.1612705882353
915.980795610426	2.36533866687139	2.14411764705883
917.980795610426	2.34438397106458	2.12696470588237
919.980795610426	2.32346728569039	2.10981176470589
921.980795610426	2.3025884593917	2.09265882352942
923.980795610426	2.28174734174083	2.07550588235295
925.980795610426	2.26094378323182	2.05835294117648
927.980795610426	2.24017763527281	2.04120000000001
929.980795610426	2.21944875017851	2.02404705882354
931.980795610426	2.19875698116273	2.00689411764707
933.980795610426	2.17810218233093	1.9897411764706
935.980795610426	2.15748420867299	1.97258823529413
937.980795610426	2.13690291605594	1.95543529411766
939.980795610426	2.11635816121679	1.93828235294119
941.980795610426	2.09584980175546	1.92112941176472
943.980795610426	2.07537769612772	1.90397647058824
945.980795610426	2.0549417036383	1.88682352941178
947.980795610426	2.03454168443397	1.8696705882353
949.980795610426	2.01417749949678	1.85251764705883
951.980795610426	1.99384901063728	1.83536470588236
953.980795610426	1.97355608048789	1.81821176470589
955.980795610426	1.95329857249627	1.80105882352942
957.980795610426	1.93307635091882	1.78390588235295
959.980795610426	1.91288928081419	1.76675294117648
961.980795610426	1.89273722803689	1.74960000000001
963.980795610426	1.87262005923092	1.73244705882354
965.980795610426	1.85253764182355	1.71529411764707
967.980795610426	1.83248984401911	1.6981411764706
969.980795610426	1.81247653479275	1.68098823529413
971.980795610426	1.79249758388446	1.66383529411765
973.980795610426	1.77255286179301	1.64668235294118
975.980795610426	1.75264223976991	1.62952941176471
977.980795610426	1.73276558981364	1.61237647058825
979.980795610426	1.71292278466367	1.59522352941178
981.980795610426	1.69311369779474	1.5780705882353
983.980795610426	1.6733382034111	1.56091764705884
985.980795610426	1.65359617644084	1.54376470588236
987.980795610426	1.63388749253026	1.52661176470589
989.980795610426	1.61421202803831	1.50945882352942
991.980795610426	1.59456966003105	1.49230588235295
993.980795610426	1.57496026627622	1.47515294117648
995.980795610426	1.55538372523784	1.45800000000001
997.980795610426	1.53583991607081	1.44084705882354
999.980795610426	1.51632871861563	1.42369411764707
1001.98079561043	1.49685001339319	1.4065411764706
1003.98079561043	1.47740368159948	1.38938823529413
1005.98079561043	1.45798960510052	1.37223529411766
1007.98079561043	1.43860766642721	1.35508235294119
1009.98079561043	1.41925774877031	1.33792941176471
1011.98079561043	1.39993973597539	1.32077647058824
1013.98079561043	1.38065351253795	1.30362352941177
1015.98079561043	1.3613989635984	1.2864705882353
1017.98079561043	1.34217597493731	1.26931764705883
1019.98079561043	1.32298443297052	1.25216470588236
1021.98079561043	1.30382422474438	1.2350117647059
1023.98079561043	1.28469523793107	1.21785882352942
1025.98079561043	1.26559736082386	1.20070588235295
1027.98079561043	1.24653048233247	1.18355294117648
1029.98079561043	1.22749449197856	1.16640000000001
1031.98079561043	1.20848927989107	1.14924705882354
1033.98079561043	1.18951473680178	1.13209411764706
1035.98079561043	1.17057075404084	1.1149411764706
1037.98079561043	1.15165722353231	1.09778823529413
1039.98079561043	1.13277403778981	1.08063529411766
1041.98079561043	1.11392108991216	1.06348235294119
1043.98079561043	1.09509827357909	1.04632941176472
1045.98079561043	1.07630548304696	1.02917647058825
1047.98079561043	1.05754261314456	1.01202352941177
1049.98079561043	1.03880955926892	0.994870588235308
1051.98079561043	1.02010621738112	0.977717647058832
1053.98079561043	1.00143248400227	0.960564705882362
1055.98079561043	0.982788256209339	0.943411764705893
1057.98079561043	0.96417343163121	0.926258823529423
1059.98079561043	0.945587908444644	0.909105882352954
1061.98079561043	0.927031585370315	0.891952941176477
1063.98079561043	0.908504361668868	0.874800000000008
1065.98079561043	0.890006137137107	0.857647058823538
1067.98079561043	0.871536812104054	0.840494117647069
1069.98079561043	0.853096287427192	0.823341176470599
1071.98079561043	0.834684464488667	0.80618823529413
1073.98079561043	0.816301245191489	0.78903529411766
1075.98079561043	0.797946531955894	0.771882352941184
1077.98079561043	0.779620227715618	0.754729411764714
1079.98079561043	0.761322235914264	0.737576470588245
1081.98079561043	0.743052460501652	0.720423529411775
1083.98079561043	0.724810805930296	0.703270588235306
1085.98079561043	0.706597177151778	0.686117647058829
1087.98079561043	0.688411479613293	0.668964705882367
1089.98079561043	0.670253619254105	0.65181176470589
1091.98079561043	0.652123502502143	0.634658823529421
1093.98079561043	0.634021036270525	0.617505882352951
1095.98079561043	0.615946127954196	0.600352941176482
1097.98079561043	0.597898685426514	0.583200000000012
1099.98079561043	0.57987861703598	0.566047058823536
1101.98079561043	0.561885831602851	0.548894117647066
1103.98079561043	0.543920238415929	0.531741176470597
1105.98079561043	0.525981747229274	0.514588235294127
1107.98079561043	0.508070268258983	0.497435294117658
1109.98079561043	0.490185712180001	0.480282352941188
1111.98079561043	0.472327990122949	0.463129411764719
1113.98079561043	0.454497013671002	0.445976470588242
1115.98079561043	0.436692694856752	0.428823529411773
1117.98079561043	0.418914946159134	0.411670588235303
1119.98079561043	0.401163680500375	0.394517647058834
1121.98079561043	0.383438811242947	0.377364705882364
1123.98079561043	0.365740252186576	0.360211764705895
1125.98079561043	0.348067917565253	0.343058823529425
1127.98079561043	0.330421722044271	0.325905882352949
1129.98079561043	0.312801580717313	0.308752941176479
1131.98079561043	0.295207409103554	0.29160000000001
1133.98079561043	0.277639123144738	0.27444705882354
1135.98079561043	0.260096639202359	0.257294117647071
1137.98079561043	0.242579874054854	0.240141176470594
1139.98079561043	0.225088744894734	0.222988235294132
1141.98079561043	0.207623169325828	0.205835294117655
1143.98079561043	0.190183065360564	0.188682352941186
1145.98079561043	0.172768351417162	0.171529411764716
1147.98079561043	0.155378946316965	0.154376470588247
1149.98079561043	0.138014769281767	0.137223529411777
1151.98079561043	0.120675739931073	0.120070588235301
1153.98079561043	0.103361778279542	0.102917647058831
1155.98079561043	0.086072804734286	0.0857647058823616
1157.98079561043	0.0688087400923365	0.0686117647058921
1159.98079561043	0.051569505538005	0.0514588235294227
1161.98079561043	0.0343550226403622	0.0343058823529532
1163.98079561043	0.017165213350701	0.0171529411764837
1165.98079561043	0	7.105427357601e-15
1167.98079561043	-0.0171406947035564	-0.0171529411764624
1169.98079561043	-0.0342569476770578	-0.0343058823529319
1171.98079561043	-0.0513488354653262	-0.0514588235294013
1173.98079561043	-0.0684164342433036	-0.0686117647058708
1175.98079561043	-0.0854598198185741	-0.0857647058823403
1177.98079561043	-0.102479067633624	-0.10291764705881
1179.98079561043	-0.119474252768313	-0.120070588235286
1181.98079561043	-0.136445449942201	-0.137223529411756
1183.98079561043	-0.153392733516839	-0.154376470588225
1185.98079561043	-0.170316177498179	-0.171529411764695
1187.98079561043	-0.187215855538774	-0.188682352941164
1189.98079561043	-0.204091840940123	-0.205835294117641
1191.98079561043	-0.220944206654913	-0.222988235294103
1193.98079561043	-0.237773025289229	-0.24014117647058
1195.98079561043	-0.254578369104834	-0.257294117647049
1197.98079561043	-0.271360310021322	-0.274447058823519
1199.98079561043	-0.288118919618363	-0.291599999999988
1201.98079561043	-0.304854269137806	-0.308752941176458
1203.98079561043	-0.321566429485884	-0.325905882352934
1205.98079561043	-0.338255471235342	-0.343058823529404
1207.98079561043	-0.354921464627509	-0.360211764705873
1209.98079561043	-0.371564479574495	-0.377364705882343
1211.98079561043	-0.388184585661158	-0.394517647058812
1213.98079561043	-0.404781852147281	-0.411670588235282
1215.98079561043	-0.421356347969535	-0.428823529411751
1217.98079561043	-0.437908141743584	-0.445976470588228
1219.98079561043	-0.454437301766056	-0.463129411764697
1221.98079561043	-0.470943896016593	-0.480282352941167
1223.98079561043	-0.487427992159766	-0.497435294117636
1225.98079561043	-0.503889657547134	-0.514588235294106
1227.98079561043	-0.520328959219142	-0.531741176470575
1229.98079561043	-0.536745963907066	-0.548894117647045
1231.98079561043	-0.553140738034976	-0.566047058823521
1233.98079561043	-0.569513347721603	-0.583199999999991
1235.98079561043	-0.585863858782261	-0.60035294117646
1237.98079561043	-0.60219233673071	-0.61750588235293
1239.98079561043	-0.618498846781044	-0.634658823529399
1241.98079561043	-0.634783453849543	-0.651811764705876
1243.98079561043	-0.651046222556459	-0.668964705882338
1245.98079561043	-0.667287217227909	-0.686117647058815
1247.98079561043	-0.683506501897647	-0.703270588235284
1249.98079561043	-0.699704140308867	-0.720423529411754
1251.98079561043	-0.715880195915965	-0.737576470588223
1253.98079561043	-0.732034731886344	-0.754729411764693
1255.98079561043	-0.748167811102135	-0.771882352941169
1257.98079561043	-0.764279496161961	-0.789035294117639
1259.98079561043	-0.780369849382623	-0.806188235294108
1261.98079561043	-0.796438932800875	-0.823341176470578
1263.98079561043	-0.812486808175073	-0.840494117647047
1265.98079561043	-0.828513536986883	-0.857647058823517
1267.98079561043	-0.844519180442958	-0.874799999999986
1269.98079561043	-0.860503799476596	-0.891952941176463
1271.98079561043	-0.876467454749367	-0.909105882352932
1273.98079561043	-0.892410206652805	-0.926258823529402
1275.98079561043	-0.908332115309975	-0.943411764705871
1277.98079561043	-0.924233240577102	-0.960564705882341
1279.98079561043	-0.940113642045212	-0.97771764705881
1281.98079561043	-0.95597337904163	-0.99487058823528
1283.98079561043	-0.971812510631665	-1.01202352941176
1285.98079561043	-0.987631095620088	-1.02917647058823
1287.98079561043	-1.0034291925527	-1.0463294117647
1289.98079561043	-1.01920685971793	-1.06348235294116
1291.98079561043	-1.03496415514829	-1.08063529411763
1293.98079561043	-1.05070113662194	-1.09778823529411
1295.98079561043	-1.06641786166416	-1.11494117647057
1297.98079561043	-1.08211438754886	-1.13209411764705
1299.98079561043	-1.09779077130009	-1.14924705882352
1301.98079561043	-1.11344706969348	-1.16639999999999
1303.98079561043	-1.1290833392577	-1.18355294117646
1305.98079561043	-1.14469963627594	-1.20070588235293
1307.98079561043	-1.16029601678731	-1.2178588235294
1309.98079561043	-1.17587253658832	-1.23501176470587
1311.98079561043	-1.19142925123424	-1.25216470588234
1313.98079561043	-1.20696621604054	-1.26931764705881
1315.98079561043	-1.22248348608434	-1.28647058823528
1317.98079561043	-1.23798111620567	-1.30362352941175
1319.98079561043	-1.25345916100898	-1.32077647058822
1321.98079561043	-1.26891767486443	-1.3379294117647
1323.98079561043	-1.28435671190926	-1.35508235294117
1325.98079561043	-1.29977632604918	-1.37223529411764
1327.98079561043	-1.31517657095964	-1.38938823529411
1329.98079561043	-1.3305575000872	-1.40654117647058
1331.98079561043	-1.34591916665085	-1.42369411764705
1333.98079561043	-1.36126162364332	-1.44084705882351
1335.98079561043	-1.37658492383235	-1.45799999999999
1337.98079561043	-1.39188911976202	-1.47515294117646
1339.98079561043	-1.40717426375398	-1.49230588235293
1341.98079561043	-1.42244040790881	-1.5094588235294
1343.98079561043	-1.43768760410716	-1.52661176470587
1345.98079561043	-1.45291590401113	-1.54376470588235
1347.98079561043	-1.46812535906539	-1.56091764705881
1349.98079561043	-1.48331602049854	-1.57807058823528
1351.98079561043	-1.49848793932426	-1.59522352941175
1353.98079561043	-1.51364116634249	-1.61237647058822
1355.98079561043	-1.52877575214077	-1.62952941176469
1357.98079561043	-1.54389174709532	-1.64668235294116
1359.98079561043	-1.55898920137229	-1.66383529411764
1361.98079561043	-1.57406816492893	-1.68098823529411
1363.98079561043	-1.58912868751475	-1.69814117647058
1365.98079561043	-1.60417081867272	-1.71529411764705
1367.98079561043	-1.61919460774038	-1.73244705882352
1369.98079561043	-1.63420010385106	-1.74959999999999
1371.98079561043	-1.64918735593496	-1.76675294117646
1373.98079561043	-1.66415641272032	-1.78390588235293
1375.98079561043	-1.67910732273451	-1.8010588235294
1377.98079561043	-1.69404013430519	-1.81821176470587
1379.98079561043	-1.7089548955614	-1.83536470588234
1381.98079561043	-1.72385165443466	-1.85251764705881
1383.98079561043	-1.73873045866008	-1.86967058823529
1385.98079561043	-1.75359135577742	-1.88682352941175
1387.98079561043	-1.76843439313222	-1.90397647058823
1389.98079561043	-1.78325961787679	-1.9211294117647
1391.98079561043	-1.79806707697138	-1.93828235294117
1393.98079561043	-1.81285681718513	-1.95543529411763
1395.98079561043	-1.82762888509722	-1.9725882352941
1397.98079561043	-1.84238332709782	-1.98974117647058
1399.98079561043	-1.85712018938921	-2.00689411764704
1401.98079561043	-1.87183951798676	-2.02404705882352
1403.98079561043	-1.88654135871992	-2.04119999999999
1405.98079561043	-1.90122575723334	-2.05835294117646
1407.98079561043	-1.91589275898777	-2.07550588235293
1409.98079561043	-1.93054240926111	-2.0926588235294
1411.98079561043	-1.94517475314941	-2.10981176470587
1413.98079561043	-1.95978983556783	-2.12696470588234
1415.98079561043	-1.97438770125165	-2.14411764705881
1417.98079561043	-1.9889683947572	-2.16127058823528
1419.98079561043	-2.00353196046288	-2.17842352941175
1421.98079561043	-2.01807844257009	-2.19557647058822
1423.98079561043	-2.03260788510416	-2.21272941176469
1425.98079561043	-2.04712033191539	-2.22988235294117
1427.98079561043	-2.06161582667985	-2.24703529411764
1429.98079561043	-2.07609441290045	-2.26418823529411
1431.98079561043	-2.09055613390777	-2.28134117647058
1433.98079561043	-2.10500103286103	-2.29849411764705
1435.98079561043	-2.11942915274902	-2.31564705882352
1437.98079561043	-2.13384053639096	-2.33279999999998
1439.98079561043	-2.14823522643744	-2.34995294117646
1441.98079561043	-2.1626132653713	-2.36710588235293
1443.98079561043	-2.17697469550853	-2.3842588235294
1445.98079561043	-2.19131955899917	-2.40141176470587
1447.98079561043	-2.20564789782814	-2.41856470588234
1449.98079561043	-2.21995975381619	-2.43571764705882
1451.98079561043	-2.23425516862067	-2.45287058823529
1453.98079561043	-2.2485341837365	-2.47002352941175
1455.98079561043	-2.26279684049695	-2.48717647058822
1457.98079561043	-2.27704318007449	-2.50432941176469
1459.98079561043	-2.29127324348168	-2.52148235294116
1461.98079561043	-2.30548707157202	-2.53863529411763
1463.98079561043	-2.31968470504069	-2.55578823529411
1465.98079561043	-2.33386618442547	-2.57294117647058
1467.98079561043	-2.34803155010753	-2.59009411764705
1469.98079561043	-2.36218084231226	-2.60724705882352
1471.98079561043	-2.37631410111007	-2.62439999999999
1473.98079561043	-2.39043136641717	-2.64155294117646
1475.98079561043	-2.40453267799642	-2.65870588235293
1477.98079561043	-2.41861807545813	-2.6758588235294
1479.98079561043	-2.43268759826079	-2.69301176470587
1481.98079561043	-2.44674128571191	-2.71016470588234
1483.98079561043	-2.46077917696876	-2.72731764705881
1485.98079561043	-2.47480131103923	-2.74447058823528
1487.98079561043	-2.48880772678248	-2.76162352941176
1489.98079561043	-2.50279846290978	-2.77877647058822
1491.98079561043	-2.51677355798527	-2.7959294117647
1493.98079561043	-2.5307330504267	-2.81308235294117
1495.98079561043	-2.54467697850617	-2.83023529411764
1497.98079561043	-2.5586053803509	-2.8473882352941
1499.98079561043	-2.57251829394395	-2.86454117647057
1501.98079561043	-2.58641575712498	-2.88169411764705
1503.98079561043	-2.60029780759095	-2.89884705882352
1505.98079561043	-2.61416448289688	-2.91599999999999
1507.98079561043	-2.62801582045654	-2.93315294117646
1509.98079561043	-2.64185185754322	-2.95030588235293
1511.98079561043	-2.65567263129036	-2.9674588235294
1513.98079561043	-2.66947817869234	-2.98461176470587
1515.98079561043	-2.68326853660514	-3.00176470588234
1517.98079561043	-2.69704374174704	-3.01891764705881
1519.98079561043	-2.71080383069936	-3.03607058823528
1521.98079561043	-2.72454883990707	-3.05322352941175
1523.98079561043	-2.73827880567953	-3.07037647058822
1525.98079561043	-2.7519937641912	-3.08752941176469
1527.98079561043	-2.76569375148223	-3.10468235294116
1529.98079561043	-2.77937880345923	-3.12183529411764
1531.98079561043	-2.79304895589586	-3.13898823529411
1533.98079561043	-2.80670424443356	-3.15614117647058
1535.98079561043	-2.82034470458213	-3.17329411764705
1537.98079561043	-2.83397037172049	-3.19044705882352
1539.98079561043	-2.84758128109724	-3.20759999999999
1541.98079561043	-2.86117746783137	-3.22475294117645
1543.98079561043	-2.87475896691285	-3.24190588235293
1545.98079561043	-2.88832581320334	-3.2590588235294
1547.98079561043	-2.90187804143674	-3.27621176470587
1549.98079561043	-2.9154156862199	-3.29336470588234
1551.98079561043	-2.92893878203323	-3.31051764705881
1553.98079561043	-2.94244736323127	-3.32767058823529
1555.98079561043	-2.95594146404338	-3.34482352941176
1557.98079561043	-2.96942111857431	-3.36197647058822
1559.98079561043	-2.98288636080485	-3.37912941176469
1561.98079561043	-2.99633722459242	-3.39628235294116
1563.98079561043	-3.00977374367164	-3.41343529411763
1565.98079561043	-3.02319595165501	-3.4305882352941
1567.98079561043	-3.03660388203345	-3.44774117647058
1569.98079561043	-3.04999756817691	-3.46489411764705
1571.98079561043	-3.06337704333495	-3.48204705882352
1573.98079561043	-3.07674234063731	-3.49919999999999
1575.98079561043	-3.09009349309459	-3.51635294117646
1577.98079561043	-3.10343053359869	-3.53350588235293
1579.98079561043	-3.11675349492349	-3.5506588235294
1581.98079561043	-3.13006240972539	-3.56781176470587
1583.98079561043	-3.14335731054384	-3.58496470588234
1585.98079561043	-3.15663822980199	-3.60211764705881
1587.98079561043	-3.16990519980718	-3.61927058823528
1589.98079561043	-3.18315825275149	-3.63642352941175
1591.98079561043	-3.19639742071239	-3.65357647058823
1593.98079561043	-3.20962273565319	-3.67072941176469
1595.98079561043	-3.22283422942365	-3.68788235294117
1597.98079561043	-3.23603193376049	-3.70503529411764
1599.98079561043	-3.24921588028793	-3.72218823529411
1601.98079561043	-3.26238610051827	-3.73934117647057
1603.98079561043	-3.27554262585241	-3.75649411764704
1605.98079561043	-3.28868548758034	-3.77364705882352
1607.98079561043	-3.30181471688171	-3.79079999999999
1609.98079561043	-3.31493034482636	-3.80795294117646
1611.98079561043	-3.32803240237482	-3.82510588235293
1613.98079561043	-3.34112092037883	-3.8422588235294
1615.98079561043	-3.35419592958191	-3.85941176470587
1617.98079561043	-3.36725746061976	-3.87656470588234
1619.98079561043	-3.3803055440209	-3.89371764705881
1621.98079561043	-3.39334021020708	-3.91087058823528
1623.98079561043	-3.40636148949384	-3.92802352941175
1625.98079561043	-3.41936941209097	-3.94517647058822
1627.98079561043	-3.43236400810306	-3.96232941176469
1629.98079561043	-3.44534530752995	-3.97948235294116
1631.98079561043	-3.45831334026725	-3.99663529411763
1633.98079561043	-3.47126813610679	-4.01378823529411
1635.98079561043	-3.48420972473714	-4.03094117647058
1637.98079561043	-3.49713813574413	-4.04809411764705
1639.98079561043	-3.51005339861123	-4.06524705882352
1641.98079561043	-3.52295554272013	-4.08239999999999
1643.98079561043	-3.53584459735116	-4.09955294117646
1645.98079561043	-3.54872059168376	-4.11670588235292
1647.98079561043	-3.56158355479697	-4.1338588235294
1649.98079561043	-3.57443351566991	-4.15101176470587
1651.98079561043	-3.58727050318219	-4.16816470588234
1653.98079561043	-3.60009454611443	-4.18531764705881
1655.98079561043	-3.61290567314872	-4.20247058823528
1657.98079561043	-3.62570391286898	-4.21962352941176
1659.98079561043	-3.63848929376154	-4.23677647058823
1661.98079561043	-3.65126184421555	-4.25392941176469
1663.98079561043	-3.66402159252333	-4.27108235294116
1665.98079561043	-3.67676856688101	-4.28823529411763
1667.98079561043	-3.68950279538876	-4.3053882352941
1669.98079561043	-3.7022243060514	-4.32254117647057
1671.98079561043	-3.71493312677875	-4.33969411764705
1673.98079561043	-3.72762928538607	-4.35684705882352
1675.98079561043	-3.74031280959453	-4.37399999999999
1677.98079561043	-3.75298372703161	-4.39115294117646
1679.98079561043	-3.76564206523152	-4.40830588235293
1681.98079561043	-3.77828785163567	-4.4254588235294
1683.98079561043	-3.79092111359306	-4.44261176470587
1685.98079561043	-3.80354187836068	-4.45976470588234
1687.98079561043	-3.81615017310398	-4.47691764705881
1689.98079561043	-3.82874602489724	-4.49407058823528
1691.98079561043	-3.84132946072401	-4.51122352941175
1693.98079561043	-3.85390050747752	-4.52837647058822
1695.98079561043	-3.86645919196107	-4.5455294117647
1697.98079561043	-3.87900554088846	-4.56268235294116
1699.98079561043	-3.89153958088436	-4.57983529411764
1701.98079561043	-3.90406133848475	-4.59698823529411
1703.98079561043	-3.91657084013732	-4.61414117647058
1705.98079561043	-3.9290681122018	-4.63129411764704
1707.98079561043	-3.94155318095047	-4.64844705882351
1709.98079561043	-3.95402607256843	-4.66559999999999
1711.98079561043	-3.96648681315407	-4.68275294117646
1713.98079561043	-3.97893542871945	-4.69990588235293
1715.98079561043	-3.99137194519066	-4.7170588235294
1717.98079561043	-4.00379638840819	-4.73421176470587
1719.98079561043	-4.0162087841274	-4.75136470588234
1721.98079561043	-4.02860915801877	-4.76851764705881
1723.98079561043	-4.0409975356684	-4.78567058823528
1725.98079561043	-4.05337394257828	-4.80282352941175
1727.98079561043	-4.06573840416675	-4.81997647058822
1729.98079561043	-4.07809094576884	-4.83712941176469
1731.98079561043	-4.09043159263658	-4.85428235294116
1733.98079561043	-4.10276036993949	-4.87143529411764
1735.98079561043	-4.11507730276482	-4.8885882352941
1737.98079561043	-4.127382416118	-4.90574117647058
1739.98079561043	-4.13967573492296	-4.92289411764705
1741.98079561043	-4.15195728402249	-4.94004705882352
1743.98079561043	-4.16422708817862	-4.95719999999999
1745.98079561043	-4.17648517207296	-4.97435294117646
1747.98079561043	-4.18873156030702	-4.99150588235293
1749.98079561043	-4.20096627740263	-5.0086588235294
1751.98079561043	-4.21318934780226	-5.02581176470587
1753.98079561043	-4.22540079586932	-5.04296470588234
1755.98079561043	-4.23760064588856	-5.06011764705881
1757.98079561043	-4.24978892206644	-5.07727058823528
1759.98079561043	-4.26196564853136	-5.09442352941175
1761.98079561043	-4.27413084933413	-5.11157647058823
1763.98079561043	-4.28628454844819	-5.1287294117647
1765.98079561043	-4.29842676977007	-5.14588235294116
1767.98079561043	-4.31055753711962	-5.16303529411763
1769.98079561043	-4.32267687424037	-5.1801882352941
1771.98079561043	-4.3347848047999	-5.19734117647057
1773.98079561043	-4.34688135239008	-5.21449411764704
1775.98079561043	-4.35896654052753	-5.23164705882352
1777.98079561043	-4.37104039265384	-5.24879999999999
1779.98079561043	-4.3831029321359	-5.26595294117646
1781.98079561043	-4.39515418226628	-5.28310588235293
1783.98079561043	-4.40719416626348	-5.3002588235294
1785.98079561043	-4.41922290727231	-5.31741176470587
1787.98079561043	-4.43124042836419	-5.33456470588234
1789.98079561043	-4.44324675253741	-5.35171764705881
1791.98079561043	-4.45524190271752	-5.36887058823528
1793.98079561043	-4.46722590175759	-5.38602352941175
1795.98079561043	-4.47919877243856	-5.40317647058822
1797.98079561043	-4.49116053746951	-5.42032941176469
1799.98079561043	-4.50311121948798	-5.43748235294117
1801.98079561043	-4.51505084106026	-5.45463529411764
1803.98079561043	-4.52697942468176	-5.47178823529411
1805.98079561043	-4.53889699277718	-5.48894117647058
1807.98079561043	-4.55080356770098	-5.50609411764705
1809.98079561043	-4.56269917173753	-5.52324705882351
1811.98079561043	-4.57458382710148	-5.54039999999998
1813.98079561043	-4.58645755593804	-5.55755294117646
1815.98079561043	-4.59832038032326	-5.57470588235293
1817.98079561043	-4.61017232226436	-5.5918588235294
1819.98079561043	-4.62201340369997	-5.60901176470587
1821.98079561043	-4.63384364650045	-5.62616470588234
1823.98079561043	-4.64566307246818	-5.64331764705881
1825.98079561043	-4.65747170333785	-5.66047058823528
1827.98079561043	-4.66926956077667	-5.67762352941175
1829.98079561043	-4.68105666638478	-5.69477647058822
1831.98079561043	-4.69283304169544	-5.71192941176469
1833.98079561043	-4.7045987081753	-5.72908235294116
1835.98079561043	-4.71635368722478	-5.74623529411763
1837.98079561043	-4.72809800017824	-5.76338823529411
1839.98079561043	-4.73983166830428	-5.78054117647057
1841.98079561043	-4.75155471280603	-5.79769411764705
1843.98079561043	-4.76326715482146	-5.81484705882352
1845.98079561043	-4.77496901542359	-5.83199999999999
1847.98079561043	-4.78666031562075	-5.84915294117646
1849.98079561043	-4.79834107635692	-5.86630588235293
1851.98079561043	-4.81001131851195	-5.8834588235294
1853.98079561043	-4.82167106290179	-5.90061176470587
1855.98079561043	-4.83332033027887	-5.91776470588234
1857.98079561043	-4.84495914133218	-5.93491764705881
1859.98079561043	-4.85658751668775	-5.95207058823528
1861.98079561043	-4.86820547690876	-5.96922352941175
1863.98079561043	-4.87981304249578	-5.98637647058822
1865.98079561043	-4.89141023388717	-6.0035294117647
1867.98079561043	-4.9029970714592	-6.02068235294116
1869.98079561043	-4.91457357552635	-6.03783529411763
1871.98079561043	-4.92613976634159	-6.0549882352941
1873.98079561043	-4.93769566409662	-6.07214117647057
1875.98079561043	-4.9492412889221	-6.08929411764705
1877.98079561043	-4.96077666088786	-6.10644705882351
1879.98079561043	-4.97230180000327	-6.12359999999999
1881.98079561043	-4.98381672621737	-6.14075294117646
1883.98079561043	-4.9953214594192	-6.15790588235293
1885.98079561043	-5.00681601943795	-6.1750588235294
1887.98079561043	-5.0183004260433	-6.19221176470587
1889.98079561043	-5.02977469894559	-6.20936470588234
1891.98079561043	-5.04123885779612	-6.22651764705881
1893.98079561043	-5.05269292218732	-6.24367058823528
1895.98079561043	-5.06413691165307	-6.26082352941175
1897.98079561043	-5.07557084566885	-6.27797647058822
1899.98079561043	-5.08699474365206	-6.29512941176469
1901.98079561043	-5.09840862496218	-6.31228235294116
1903.98079561043	-5.10981250890104	-6.32943529411764
1905.98079561043	-5.12120641471309	-6.3465882352941
1907.98079561043	-5.13259036158551	-6.36374117647058
1909.98079561043	-5.14396436864861	-6.38089411764705
1911.98079561043	-5.1553284549759	-6.39804705882351
1913.98079561043	-5.16668263958444	-6.41519999999999
1915.98079561043	-5.17802694143494	-6.43235294117645
1917.98079561043	-5.1893613794321	-6.44950588235293
1919.98079561043	-5.20068597242481	-6.46665882352939
1921.98079561043	-5.21200073920633	-6.48381176470587
1923.98079561043	-5.22330569851452	-6.50096470588234
1925.98079561043	-5.23460086903211	-6.51811764705881
1927.98079561043	-5.24588626938683	-6.53527058823529
1929.98079561043	-5.25716191815177	-6.55242352941175
1931.98079561043	-5.26842783384542	-6.56957647058822
1933.98079561043	-5.27968403493203	-6.58672941176469
1935.98079561043	-5.29093053982177	-6.60388235294116
1937.98079561043	-5.30216736687092	-6.62103529411763
1939.98079561043	-5.31339453438214	-6.6381882352941
1941.98079561043	-5.32461206060461	-6.65534117647058
1943.98079561043	-5.33581996373434	-6.67249411764704
1945.98079561043	-5.34701826191426	-6.68964705882352
1947.98079561043	-5.35820697323454	-6.70679999999999
1949.98079561043	-5.36938611573272	-6.72395294117646
1951.98079561043	-5.38055570739397	-6.74110588235293
1953.98079561043	-5.39171576615122	-6.7582588235294
1955.98079561043	-5.40286630988547	-6.77541176470587
1957.98079561043	-5.41400735642593	-6.79256470588233
1959.98079561043	-5.42513892355019	-6.80971764705881
1961.98079561043	-5.43626102898452	-6.82687058823528
1963.98079561043	-5.44737369040398	-6.84402352941175
1965.98079561043	-5.45847692543266	-6.86117647058823
1967.98079561043	-5.46957075164387	-6.87832941176469
1969.98079561043	-5.48065518656036	-6.89548235294117
1971.98079561043	-5.49173024765446	-6.91263529411763
1973.98079561043	-5.50279595234835	-6.9297882352941
1975.98079561043	-5.5138523180142	-6.94694117647057
1977.98079561043	-5.52489936197438	-6.96409411764704
1979.98079561043	-5.53593710150166	-6.98124705882352
1981.98079561043	-5.54696555381939	-6.99839999999998
1983.98079561043	-5.5579847361017	-7.01555294117646
1985.98079561043	-5.5689946654737	-7.03270588235293
1987.98079561043	-5.57999535901163	-7.0498588235294
1989.98079561043	-5.59098683374312	-7.06701176470587
1991.98079561043	-5.60196910664727	-7.08416470588234
1993.98079561043	-5.61294219465496	-7.10131764705881
1995.98079561043	-5.62390611464893	-7.11847058823528
1997.98079561043	-5.63486088346404	-7.13562352941175
1999.98079561043	-5.64580651788739	-7.15277647058822
2001.98079561043	-5.65674303465858	-7.16992941176469
2003.98079561043	-5.6676704504698	-7.18708235294116
2005.98079561043	-5.6785887819661	-7.20423529411763
2007.98079561043	-5.68949804574549	-7.22138823529411
2009.98079561043	-5.70039825835921	-7.23854117647057
2011.98079561043	-5.71128943631182	-7.25569411764705
2013.98079561043	-5.7221715960614	-7.27284705882352
2015.98079561043	-5.73304475401977	-7.28999999999998
2017.98079561043	-5.74390892655265	-7.30715294117646
2019.98079561043	-5.75476412997979	-7.32430588235292
2021.98079561043	-5.76561038057518	-7.3414588235294
2023.98079561043	-5.77644769456725	-7.35861176470587
2025.98079561043	-5.78727608813898	-7.37576470588234
2027.98079561043	-5.79809557742813	-7.39291764705881
2029.98079561043	-5.80890617852737	-7.41007058823528
2031.98079561043	-5.81970790748447	-7.42722352941176
2033.98079561043	-5.83050078030244	-7.44437647058822
2035.98079561043	-5.8412848129398	-7.46152941176469
2037.98079561043	-5.85206002131059	-7.47868235294116
2039.98079561043	-5.86282642128465	-7.49583529411763
2041.98079561043	-5.87358402868776	-7.5129882352941
2043.98079561043	-5.88433285930179	-7.53014117647057
2045.98079561043	-5.89507292886488	-7.54729411764705
2047.98079561043	-5.90580425307159	-7.56444705882351
2049.98079561043	-5.9165268475731	-7.58159999999999
2051.98079561043	-5.92724072797731	-7.59875294117646
2053.98079561043	-5.93794590984903	-7.61590588235293
2055.98079561043	-5.94864240871019	-7.6330588235294
2057.98079561043	-5.95933024003992	-7.65021176470587
2059.98079561043	-5.97000941927475	-7.66736470588234
2061.98079561043	-5.98067996180879	-7.6845176470588
2063.98079561043	-5.99134188299381	-7.70167058823528
2065.98079561043	-6.0019951981395	-7.71882352941175
2067.98079561043	-6.01263992251354	-7.73597647058822
2069.98079561043	-6.02327607134181	-7.7531294117647
2071.98079561043	-6.03390365980854	-7.77028235294116
2073.98079561043	-6.04452270305642	-7.78743529411764
2075.98079561043	-6.05513321618675	-7.8045882352941
2077.98079561043	-6.06573521425972	-7.82174117647057
2079.98079561043	-6.0763287122944	-7.83889411764704
2081.98079561043	-6.08691372526896	-7.85604705882351
2083.98079561043	-6.09749026812084	-7.87319999999999
2085.98079561043	-6.10805835574686	-7.89035294117645
2087.98079561043	-6.11861800300343	-7.90750588235293
2089.98079561043	-6.1291692247066	-7.9246588235294
2091.98079561043	-6.1397120356323	-7.94181176470587
2093.98079561043	-6.15024645051643	-7.95896470588234
2095.98079561043	-6.16077248405506	-7.97611764705881
2097.98079561043	-6.17129015090451	-7.99327058823528
2099.98079561043	-6.18179946568155	-8.01042352941175
2101.98079561043	-6.1923004429635	-8.02757647058822
2103.98079561043	-6.20279309728843	-8.04472941176469
2105.98079561043	-6.21327744315526	-8.06188235294116
2107.98079561043	-6.22375349502389	-8.07903529411763
2109.98079561043	-6.23422126731538	-8.0961882352941
2111.98079561043	-6.24468077441207	-8.11334117647058
2113.98079561043	-6.25513203065776	-8.13049411764704
2115.98079561043	-6.26557505035775	-8.14764705882352
2117.98079561043	-6.27600984777909	-8.16479999999999
2119.98079561043	-6.28643643715068	-8.18195294117645
2121.98079561043	-6.29685483266339	-8.19910588235293
2123.98079561043	-6.30726504847017	-8.21625882352939
2125.98079561043	-6.3176670986863	-8.23341176470587
2127.98079561043	-6.3280609973894	-8.25056470588234
2129.98079561043	-6.33844675861961	-8.26771764705881
2131.98079561043	-6.34882439637977	-8.28487058823528
2133.98079561043	-6.35919392463549	-8.30202352941175
2135.98079561043	-6.36955535731532	-8.31917647058822
2137.98079561043	-6.37990870831086	-8.33632941176469
2139.98079561043	-6.39025399147694	-8.35348235294116
2141.98079561043	-6.40059122063165	-8.37063529411763
2143.98079561043	-6.4109204095566	-8.3877882352941
2145.98079561043	-6.42124157199697	-8.40494117647057
2147.98079561043	-6.43155472166166	-8.42209411764704
2149.98079561043	-6.44185987222338	-8.43924705882352
2151.98079561043	-6.45215703731888	-8.45639999999998
2153.98079561043	-6.46244623054899	-8.47355294117646
2155.98079561043	-6.47272746547875	-8.49070588235293
2157.98079561043	-6.48300075563759	-8.5078588235294
2159.98079561043	-6.49326611451941	-8.52501176470587
2161.98079561043	-6.50352355558275	-8.54216470588234
2163.98079561043	-6.51377309225083	-8.55931764705881
2165.98079561043	-6.52401473791178	-8.57647058823527
