165.980795610426	-0.0520136074313698	-0.0268014705882353
167.980795610426	-0.0517428710339873	-0.0267478676470588
169.980795610426	-0.0514748076277652	-0.0266942647058824
171.980795610426	-0.0512093598325455	-0.0266406617647059
173.980795610426	-0.0509464721497907	-0.0265870588235294
175.980795610426	-0.0506860908800593	-0.026533455882353
177.980795610426	-0.0504281640449914	-0.0264798529411765
179.980795610426	-0.0501726413135131	-0.02642625
181.980795610426	-0.049919473931986	-0.0263726470588235
183.980795610426	-0.0496686146580505	-0.0263190441176471
185.980795610426	-0.0494200176979301	-0.0262654411764706
187.980795610426	-0.0491736386469791	-0.0262118382352941
189.980795610426	-0.0489294344332755	-0.0261582352941177
191.980795610426	-0.0486873632640707	-0.0261046323529412
193.980795610426	-0.0484473845749243	-0.0260510294117647
195.980795610426	-0.0482094589813636	-0.0259974264705882
197.980795610426	-0.0479735482329165	-0.0259438235294118
199.980795610426	-0.0477396151693806	-0.0258902205882353
201.980795610426	-0.0475076236791966	-0.0258366176470588
203.980795610426	-0.0472775386598064	-0.0257830147058824
205.980795610426	-0.0470493259798821	-0.0257294117647059
207.980795610426	-0.0468229524433205	-0.0256758088235294
209.980795610426	-0.0465983857549045	-0.0256222058823529
211.980795610426	-0.0463755944875398	-0.0255686029411765
213.980795610426	-0.0461545480509782	-0.025515
215.980795610426	-0.0459352166619507	-0.0254613970588235
217.980795610426	-0.0457175713156302	-0.0254077941176471
219.980795610426	-0.0455015837583565	-0.0253541911764706
221.980795610426	-0.0452872264615543	-0.0253005882352941
223.980795610426	-0.0450744725967834	-0.0252469852941177
225.980795610426	-0.044863296011862	-0.0251933823529412
227.980795610426	-0.0446536712080066	-0.0251397794117647
229.980795610426	-0.0444455733179389	-0.0250861764705883
231.980795610426	-0.0442389780849089	-0.0250325735294118
233.980795610426	-0.0440338618425894	-0.0249789705882353
235.980795610426	-0.0438302014957978	-0.0249253676470588
237.980795610426	-0.0436279745020054	-0.0248717647058824
239.980795610426	-0.0434271588535946	-0.0248181617647059
241.980795610426	-0.0432277330608292	-0.0247645588235294
243.980795610426	-0.0430296761355015	-0.0247109558823529
245.980795610426	-0.0428329675752263	-0.0246573529411765
247.980795610426	-0.0426375873483493	-0.02460375
249.980795610426	-0.0424435158794424	-0.0245501470588235
251.980795610426	-0.0422507340353573	-0.0244965441176471
253.980795610426	-0.0420592231118132	-0.0244429411764706
255.980795610426	-0.0418689648204928	-0.0243893382352941
257.980795610426	-0.0416799412766242	-0.0243357352941177
259.980795610426	-0.0414921349870267	-0.0242821323529412
261.980795610426	-0.0413055288385996	-0.0242285294117647
263.980795610426	-0.0411201060872341	-0.0241749264705882
265.980795610426	-0.0409358503471309	-0.0241213235294118
267.980795610426	-0.0407527455805036	-0.0240677205882353
269.980795610426	-0.0405707760876533	-0.0240141176470588
271.980795610426	-0.0403899264973973	-0.0239605147058824
273.980795610426	-0.0402101817578365	-0.0239069117647059
275.980795610426	-0.0400315271274482	-0.0238533088235294
277.980795610426	-0.0398539481664897	-0.0237997058823529
279.980795610426	-0.0396774307286996	-0.0237461029411765
281.980795610426	-0.0395019609532854	-0.0236925
283.980795610426	-0.0393275252571847	-0.0236388970588235
285.980795610426	-0.0391541103275889	-0.0235852941176471
287.980795610426	-0.0389817031147191	-0.0235316911764706
289.980795610426	-0.0388102908248436	-0.0234780882352941
291.980795610426	-0.0386398609135279	-0.0234244852941177
293.980795610426	-0.038470401079107	-0.0233708823529412
295.980795610426	-0.0383018992563723	-0.0233172794117647
297.980795610426	-0.0381343436104636	-0.0232636764705882
299.980795610426	-0.0379677225309589	-0.0232100735294118
301.980795610426	-0.0378020246261544	-0.0231564705882353
303.980795610426	-0.0376372387175267	-0.0231028676470588
305.980795610426	-0.0374733538343709	-0.0230492647058824
307.980795610426	-0.0373103592086073	-0.0229956617647059
309.980795610426	-0.0371482442697512	-0.0229420588235294
311.980795610426	-0.0369869986400385	-0.022888455882353
313.980795610426	-0.0368266121297028	-0.0228348529411765
315.980795610426	-0.0366670747323962	-0.02278125
317.980795610426	-0.0365083766207517	-0.0227276470588235
319.980795610426	-0.0363505081420779	-0.0226740441176471
321.980795610426	-0.0361934598141856	-0.0226204411764706
323.980795610426	-0.0360372223213378	-0.0225668382352941
325.980795610426	-0.0358817865103211	-0.0225132352941177
327.980795610426	-0.0357271433866327	-0.0224596323529412
329.980795610426	-0.0355732841107803	-0.0224060294117647
331.980795610426	-0.0354201999946894	-0.0223524264705882
333.980795610426	-0.035267882498215	-0.0222988235294118
335.980795610426	-0.0351163232257544	-0.0222452205882353
337.980795610426	-0.0349655139229573	-0.0221916176470588
339.980795610426	-0.0348154464735289	-0.0221380147058824
341.980795610426	-0.0346661128961248	-0.0220844117647059
343.980795610426	-0.0345175053413326	-0.0220308088235294
345.980795610426	-0.0343696160887387	-0.021977205882353
347.980795610426	-0.0342224375440764	-0.0219236029411765
349.980795610426	-0.0340759622364533	-0.02187
351.980795610426	-0.0339301828156552	-0.0218163970588235
353.980795610426	-0.0337850920495234	-0.0217627941176471
355.980795610426	-0.0336406828214042	-0.0217091911764706
357.980795610426	-0.0334969481276667	-0.0216555882352941
359.980795610426	-0.0333538810752881	-0.0216019852941177
361.980795610426	-0.0332114748795029	-0.0215483823529412
363.980795610426	-0.0330697228615163	-0.0214947794117647
365.980795610426	-0.0329286184462761	-0.0214411764705882
367.980795610426	-0.032788155160305	-0.0213875735294118
369.980795610426	-0.032648326629589	-0.0213339705882353
371.980795610426	-0.0325091265775206	-0.0212803676470588
373.980795610426	-0.0323705488228962	-0.0212267647058824
375.980795610426	-0.0322325872779642	-0.0211731617647059
377.980795610426	-0.0320952359465241	-0.0211195588235294
379.980795610426	-0.0319584889220728	-0.021065955882353
381.980795610426	-0.0318223403859996	-0.0210123529411765
383.980795610426	-0.0316867846058254	-0.02095875
385.980795610426	-0.031551815933487	-0.0209051470588235
387.980795610426	-0.0314174288036638	-0.0208515441176471
389.980795610426	-0.0312836177321461	-0.0207979411764706
391.980795610426	-0.0311503773142442	-0.0207443382352941
393.980795610426	-0.0310177022232364	-0.0206907352941177
395.980795610426	-0.0308855872088545	-0.0206371323529412
397.980795610426	-0.0307540270958072	-0.0205835294117647
399.980795610426	-0.0306230167823385	-0.0205299264705883
401.980795610426	-0.0304925512388211	-0.0204763235294118
403.980795610426	-0.0303626255063837	-0.0204227205882353
405.980795610426	-0.0302332346955707	-0.0203691176470588
407.980795610426	-0.0301043739850343	-0.0203155147058824
409.980795610426	-0.0299760386202572	-0.0202619117647059
411.980795610426	-0.0298482239123051	-0.0202083088235294
413.980795610426	-0.0297209252366091	-0.0201547058823529
415.980795610426	-0.0295941380317757	-0.0201011029411765
417.980795610426	-0.0294678577984251	-0.0200475
419.980795610426	-0.0293420800980557	-0.0199938970588235
421.980795610426	-0.029216800551935	-0.0199402941176471
423.980795610426	-0.0290920148400162	-0.0198866911764706
425.980795610426	-0.0289677186998787	-0.0198330882352941
427.980795610426	-0.0288439079256929	-0.0197794852941177
429.980795610426	-0.0287205783672088	-0.0197258823529412
431.980795610426	-0.0285977259287667	-0.0196722794117647
433.980795610426	-0.02847534656833	-0.0196186764705883
435.980795610426	-0.0283534362965402	-0.0195650735294118
437.980795610426	-0.0282319911757918	-0.0195114705882353
439.980795610426	-0.0281110073193284	-0.0194578676470588
441.980795610426	-0.0279904808903584	-0.0194042647058824
443.980795610426	-0.0278704081011894	-0.0193506617647059
445.980795610426	-0.0277507852123828	-0.0192970588235294
447.980795610426	-0.0276316085319248	-0.019243455882353
449.980795610426	-0.0275128744144174	-0.0191898529411765
451.980795610426	-0.0273945792602845	-0.01913625
453.980795610426	-0.027276719514997	-0.0190826470588235
455.980795610426	-0.0271592916683129	-0.0190290441176471
457.980795610426	-0.0270422922535342	-0.0189754411764706
459.980795610426	-0.0269257178467794	-0.0189218382352941
461.980795610426	-0.026809565066271	-0.0188682352941177
463.980795610426	-0.0266938305716378	-0.0188146323529412
465.980795610426	-0.0265785110632327	-0.0187610294117647
467.980795610426	-0.0264636032814629	-0.0187074264705882
469.980795610426	-0.0263491040061355	-0.0186538235294118
471.980795610426	-0.0262350100558157	-0.0186002205882353
473.980795610426	-0.0261213182871986	-0.0185466176470588
475.980795610426	-0.026008025594493	-0.0184930147058824
477.980795610426	-0.0258951289088188	-0.0184394117647059
479.980795610426	-0.0257826251976153	-0.0183858088235294
481.980795610426	-0.025670511464063	-0.018332205882353
483.980795610426	-0.0255587847465151	-0.0182786029411765
485.980795610426	-0.0254474421179419	-0.018225
487.980795610426	-0.0253364806853856	-0.0181713970588235
489.980795610426	-0.0252258975894254	-0.0181177941176471
491.980795610426	-0.0251156900036542	-0.0180641911764706
493.980795610426	-0.0250058551341648	-0.0180105882352941
495.980795610426	-0.0248963902190462	-0.0179569852941177
497.980795610426	-0.0247872925278902	-0.0179033823529412
499.980795610426	-0.0246785593613068	-0.0178497794117647
501.980795610426	-0.0245701880504496	-0.0177961764705882
503.980795610426	-0.02446217595655	-0.0177425735294118
505.980795610426	-0.0243545204704603	-0.0176889705882353
507.980795610426	-0.024247219012206	-0.0176353676470588
509.980795610426	-0.0241402690305458	-0.0175817647058824
511.980795610426	-0.0240336680025406	-0.0175281617647059
513.980795610426	-0.02392741343313	-0.0174745588235294
515.980795610426	-0.0238215028547178	-0.017420955882353
517.980795610426	-0.023715933826764	-0.0173673529411765
519.980795610426	-0.0236107039353852	-0.01731375
521.980795610426	-0.023505810792962	-0.0172601470588235
523.980795610426	-0.0234012520377543	-0.0172065441176471
525.980795610426	-0.0232970253335227	-0.0171529411764706
527.980795610426	-0.0231931283691579	-0.0170993382352941
529.980795610426	-0.0230895588583159	-0.0170457352941177
531.980795610426	-0.0229863145390607	-0.0169921323529412
533.980795610426	-0.0228833931735128	-0.0169385294117647
535.980795610426	-0.0227807925475046	-0.0168849264705883
537.980795610426	-0.0226785104702413	-0.0168313235294118
539.980795610426	-0.022576544773969	-0.0167777205882353
541.980795610426	-0.0224748933136475	-0.0167241176470588
543.980795610426	-0.0223735539666298	-0.0166705147058824
545.980795610426	-0.0222725246323468	-0.0166169117647059
547.980795610426	-0.0221718032319979	-0.0165633088235294
549.980795610426	-0.0220713877082466	-0.016509705882353
551.980795610426	-0.0219712760249224	-0.0164561029411765
553.980795610426	-0.0218714661667264	-0.0164025
555.980795610426	-0.0217719561389438	-0.0163488970588235
557.980795610426	-0.0216727439671594	-0.0162952941176471
559.980795610426	-0.0215738276969801	-0.0162416911764706
561.980795610426	-0.0214752053937608	-0.0161880882352941
563.980795610426	-0.0213768751423352	-0.0161344852941177
565.980795610426	-0.0212788350467517	-0.0160808823529412
567.980795610426	-0.0211810832300131	-0.0160272794117647
569.980795610426	-0.0210836178338219	-0.0159736764705883
571.980795610426	-0.0209864370183281	-0.0159200735294118
573.980795610426	-0.0208895389618833	-0.0158664705882353
575.980795610426	-0.020792921860797	-0.0158128676470588
577.980795610426	-0.0206965839290987	-0.0157592647058824
579.980795610426	-0.0206005233983028	-0.0157056617647059
581.980795610426	-0.0205047385171778	-0.0156520588235294
583.980795610426	-0.0204092275515196	-0.015598455882353
585.980795610426	-0.0203139887839276	-0.0155448529411765
587.980795610426	-0.0202190205135862	-0.01549125
589.980795610426	-0.0201243210560479	-0.0154376470588235
591.980795610426	-0.0200298887430214	-0.0153840441176471
593.980795610426	-0.0199357219221627	-0.0153304411764706
595.980795610426	-0.019841818956869	-0.0152768382352941
597.980795610426	-0.0197481782260773	-0.0152232352941177
599.980795610426	-0.0196547981240648	-0.0151696323529412
601.980795610426	-0.0195616770602535	-0.0151160294117647
603.980795610426	-0.0194688134590172	-0.0150624264705883
605.980795610426	-0.0193762057594926	-0.0150088235294118
607.980795610426	-0.0192838524153921	-0.0149552205882353
609.980795610426	-0.0191917518948207	-0.0149016176470588
611.980795610426	-0.0190999026800952	-0.0148480147058824
613.980795610426	-0.0190083032675664	-0.0147944117647059
615.980795610426	-0.018916952167444	-0.0147408088235294
617.980795610426	-0.0188258479036246	-0.0146872058823529
619.980795610426	-0.018734989013522	-0.0146336029411765
621.980795610426	-0.0186443740479001	-0.01458
623.980795610426	-0.0185540015707088	-0.0145263970588236
625.980795610426	-0.018463870158922	-0.0144727941176471
627.980795610426	-0.0183739784023785	-0.0144191911764706
629.980795610426	-0.0182843249036252	-0.0143655882352941
631.980795610426	-0.0181949082777622	-0.0143119852941177
633.980795610426	-0.0181057271522912	-0.0142583823529412
635.980795610426	-0.0180167801669656	-0.0142047794117647
637.980795610426	-0.0179280659736428	-0.0141511764705883
639.980795610426	-0.0178395832361392	-0.0140975735294118
641.980795610426	-0.017751330630087	-0.0140439705882353
643.980795610426	-0.0176633068427932	-0.0139903676470588
645.980795610426	-0.0175755105731009	-0.0139367647058824
647.980795610426	-0.0174879405312526	-0.0138831617647059
649.980795610426	-0.0174005954387553	-0.0138295588235294
651.980795610426	-0.0173134740282481	-0.013775955882353
653.980795610426	-0.0172265750433712	-0.0137223529411765
655.980795610426	-0.0171398972386371	-0.01366875
657.980795610426	-0.017053439379304	-0.0136151470588236
659.980795610426	-0.0169672002412503	-0.0135615441176471
661.980795610426	-0.0168811786108519	-0.0135079411764706
663.980795610426	-0.0167953732848603	-0.0134543382352941
665.980795610426	-0.0167097830702831	-0.0134007352941177
667.980795610426	-0.0166244067842663	-0.0133471323529412
669.980795610426	-0.0165392432539778	-0.0132935294117647
671.980795610426	-0.016454291316493	-0.0132399264705882
673.980795610426	-0.0163695498186819	-0.0131863235294118
675.980795610426	-0.0162850176170978	-0.0131327205882353
677.980795610426	-0.0162006935778675	-0.0130791176470588
679.980795610426	-0.0161165765765835	-0.0130255147058824
681.980795610426	-0.0160326654981968	-0.0129719117647059
683.980795610426	-0.0159489592369127	-0.0129183088235294
685.980795610426	-0.0158654566960863	-0.012864705882353
687.980795610426	-0.015782156788121	-0.0128111029411765
689.980795610426	-0.0156990584343674	-0.0127575
691.980795610426	-0.0156161605650244	-0.0127038970588235
693.980795610426	-0.0155334621190408	-0.0126502941176471
695.980795610426	-0.0154509620440191	-0.0125966911764706
697.980795610426	-0.0153686592961202	-0.0125430882352941
699.980795610426	-0.0152865528399694	-0.0124894852941177
701.980795610426	-0.0152046416485641	-0.0124358823529412
703.980795610426	-0.015122924703182	-0.0123822794117647
705.980795610426	-0.0150414009932915	-0.0123286764705882
707.980795610426	-0.0149600695164624	-0.0122750735294118
709.980795610426	-0.014878929278279	-0.0122214705882353
711.980795610426	-0.0147979792922528	-0.0121678676470588
713.980795610426	-0.0147172185797375	-0.0121142647058824
715.980795610426	-0.0146366461698454	-0.0120606617647059
717.980795610426	-0.0145562610993639	-0.0120070588235294
719.980795610426	-0.0144760624126735	-0.011953455882353
721.980795610426	-0.0143960491616678	-0.0118998529411765
723.980795610426	-0.0143162204056729	-0.01184625
725.980795610426	-0.0142365752113693	-0.0117926470588235
727.980795610426	-0.0141571126527144	-0.0117390441176471
729.980795610426	-0.0140778318108655	-0.0116854411764706
731.980795610426	-0.0139987317741047	-0.0116318382352941
733.980795610426	-0.0139198116377643	-0.0115782352941177
735.980795610426	-0.013841070504153	-0.0115246323529412
737.980795610426	-0.0137625074824834	-0.0114710294117647
739.980795610426	-0.0136841216888007	-0.0114174264705883
741.980795610426	-0.0136059122459112	-0.0113638235294118
743.980795610426	-0.0135278782833136	-0.0113102205882353
745.980795610426	-0.0134500189371292	-0.0112566176470588
747.980795610426	-0.0133723333500342	-0.0112030147058824
749.980795610426	-0.0132948206711928	-0.0111494117647059
751.980795610426	-0.0132174800561907	-0.0110958088235294
753.980795610426	-0.0131403106669699	-0.011042205882353
755.980795610426	-0.0130633116717638	-0.0109886029411765
757.980795610426	-0.0129864822450339	-0.010935
759.980795610426	-0.0129098215674066	-0.0108813970588235
761.980795610426	-0.012833328825611	-0.0108277941176471
763.980795610426	-0.012757003212418	-0.0107741911764706
765.980795610426	-0.0126808439265792	-0.0107205882352941
767.980795610426	-0.0126048501727675	-0.0106669852941177
769.980795610426	-0.0125290211615178	-0.0106133823529412
771.980795610426	-0.0124533561091688	-0.0105597794117647
773.980795610426	-0.0123778542378054	-0.0105061764705883
775.980795610426	-0.012302514775202	-0.0104525735294118
777.980795610426	-0.012227336954766	-0.0103989705882353
779.980795610426	-0.0121523200154829	-0.0103453676470588
781.980795610426	-0.0120774632018606	-0.0102917647058824
783.980795610426	-0.0120027657638766	-0.0102381617647059
785.980795610426	-0.0119282269569233	-0.0101845588235294
787.980795610426	-0.011853846041756	-0.010130955882353
789.980795610426	-0.0117796222844408	-0.0100773529411765
791.980795610426	-0.0117055549563027	-0.01002375
793.980795610426	-0.0116316433338748	-0.00997014705882354
795.980795610426	-0.0115578866988484	-0.00991654411764707
797.980795610426	-0.0114842843380232	-0.0098629411764706
799.980795610426	-0.0114108355432582	-0.00980933823529413
801.980795610426	-0.0113375396114233	-0.00975573529411766
803.980795610426	-0.0112643958443513	-0.00970213235294119
805.980795610426	-0.0111914035487911	-0.00964852941176472
807.980795610426	-0.0111185620363604	-0.00959492647058825
809.980795610426	-0.0110458706234999	-0.00954132352941178
811.980795610426	-0.0109733286314277	-0.00948772058823531
813.980795610426	-0.0109009353860941	-0.00943411764705884
815.980795610426	-0.0108286902181371	-0.00938051470588237
817.980795610426	-0.0107565924628383	-0.0093269117647059
819.980795610426	-0.0106846414600797	-0.00927330882352943
821.980795610426	-0.0106128365543006	-0.00921970588235296
823.980795610426	-0.0105411770944551	-0.00916610294117649
825.980795610426	-0.0104696624339701	-0.00911250000000002
827.980795610426	-0.0103982919307038	-0.00905889705882354
829.980795610426	-0.0103270649469048	-0.00900529411764708
831.980795610426	-0.0102559808491718	-0.0089516911764706
833.980795610426	-0.0101850390084131	-0.00889808823529414
835.980795610426	-0.0101142387998073	-0.00884448529411766
837.980795610426	-0.0100435796027641	-0.00879088235294119
839.980795610426	-0.00997306080088572	-0.00873727941176472
841.980795610426	-0.00990268178192849	-0.00868367647058825
843.980795610426	-0.00983244193776525	-0.00863007352941178
845.980795610426	-0.00976234066434792	-0.00857647058823531
847.980795610426	-0.00969237736167056	-0.00852286764705884
849.980795610426	-0.00962255143373281	-0.00846926470588237
851.980795610426	-0.00955286228850391	-0.0084156617647059
853.980795610426	-0.00948330933788699	-0.00836205882352943
855.980795610426	-0.00941389199768367	-0.00830845588235296
857.980795610426	-0.00934460968755926	-0.00825485294117649
859.980795610426	-0.00927546183100836	-0.00820125000000002
861.980795610426	-0.0092064478553206	-0.00814764705882355
863.980795610426	-0.00913756719154699	-0.00809404411764708
865.980795610426	-0.00906881927446657	-0.00804044117647061
867.980795610426	-0.00900020354255338	-0.00798683823529414
869.980795610426	-0.00893171943794405	-0.00793323529411766
871.980795610426	-0.00886336640640525	-0.0078796323529412
873.980795610426	-0.00879514389730207	-0.00782602941176472
875.980795610426	-0.00872705136356636	-0.00777242647058826
877.980795610426	-0.00865908826166553	-0.00771882352941178
879.980795610426	-0.0085912540515718	-0.00766522058823532
881.980795610426	-0.00852354819673154	-0.00761161764705884
883.980795610426	-0.00845597016403532	-0.00755801470588237
885.980795610426	-0.00838851942378785	-0.0075044117647059
887.980795610426	-0.0083211954496786	-0.00745080882352943
889.980795610426	-0.00825399771875249	-0.00739720588235296
891.980795610426	-0.00818692571138113	-0.00734360294117649
893.980795610426	-0.00811997891123425	-0.00729000000000002
895.980795610426	-0.00805315680525129	-0.00723639705882355
897.980795610426	-0.00798645888361363	-0.00718279411764708
899.980795610426	-0.00791988463971682	-0.00712919117647061
901.980795610426	-0.00785343357014331	-0.00707558823529414
903.980795610426	-0.00778710517463529	-0.00702198529411767
905.980795610426	-0.00772089895606803	-0.0069683823529412
907.980795610426	-0.00765481442042323	-0.00691477941176473
909.980795610426	-0.00758885107676305	-0.00686117647058826
911.980795610426	-0.00752300843720391	-0.00680757352941179
913.980795610426	-0.00745728601689108	-0.00675397058823532
915.980795610426	-0.00739168333397311	-0.00670036764705884
917.980795610426	-0.00732619990957684	-0.00664676470588238
919.980795610426	-0.00726083526778248	-0.0065931617647059
921.980795610426	-0.00719558893559907	-0.00653955882352944
923.980795610426	-0.00713046044294008	-0.00648595588235296
925.980795610426	-0.00706544932259945	-0.00643235294117649
927.980795610426	-0.00700055511022754	-0.00637875000000002
929.980795610426	-0.00693577734430786	-0.00632514705882355
931.980795610426	-0.00687111556613354	-0.00627154411764708
933.980795610426	-0.00680656931978416	-0.00621794117647061
935.980795610426	-0.00674213815210309	-0.00616433823529414
937.980795610426	-0.00667782161267483	-0.00611073529411767
939.980795610426	-0.00661361925380249	-0.0060571323529412
941.980795610426	-0.00654953063048583	-0.00600352941176473
943.980795610426	-0.00648555530039915	-0.00594992647058826
945.980795610426	-0.00642169282386967	-0.00589632352941179
947.980795610426	-0.00635794276385615	-0.00584272058823532
949.980795610426	-0.00629430468592745	-0.00578911764705885
951.980795610426	-0.00623077815824152	-0.00573551470588238
953.980795610426	-0.00616736275152466	-0.00568191176470591
955.980795610426	-0.00610405803905084	-0.00562830882352944
957.980795610426	-0.00604086359662134	-0.00557470588235295
959.980795610426	-0.00597777900254434	-0.0055211029411765
961.980795610426	-0.00591480383761528	-0.00546750000000001
963.980795610426	-0.00585193768509662	-0.00541389705882356
965.980795610426	-0.00578918013069862	-0.00536029411764707
967.980795610426	-0.00572653076255972	-0.0053066911764706
969.980795610426	-0.00566398917122735	-0.00525308823529413
971.980795610426	-0.00560155494963896	-0.00519948529411766
973.980795610426	-0.00553922769310317	-0.00514588235294119
975.980795610426	-0.00547700699928097	-0.00509227941176472
977.980795610426	-0.00541489246816762	-0.00503867647058825
979.980795610426	-0.00535288370207399	-0.00498507352941178
981.980795610426	-0.00529098030560857	-0.00493147058823531
983.980795610426	-0.00522918188565971	-0.00487786764705885
985.980795610426	-0.00516748805137765	-0.00482426470588238
987.980795610426	-0.00510589841415707	-0.00477066176470591
989.980795610426	-0.00504441258761973	-0.00471705882352944
991.980795610426	-0.00498303018759705	-0.00466345588235297
993.980795610426	-0.00492175083211319	-0.0046098529411765
995.980795610426	-0.00486057414136826	-0.00455625000000003
997.980795610426	-0.00479949973772129	-0.00450264705882356
999.980795610426	-0.00473852724567386	-0.00444904411764707
1001.98079561043	-0.00467765629185371	-0.00439544117647062
1003.98079561043	-0.00461688650499839	-0.00434183823529413
1005.98079561043	-0.00455621751593913	-0.00428823529411768
1007.98079561043	-0.00449564895758503	-0.00423463235294119
1009.98079561043	-0.00443518046490723	-0.00418102941176472
1011.98079561043	-0.00437481167492312	-0.00412742647058825
1013.98079561043	-0.0043145422266811	-0.00407382352941178
1015.98079561043	-0.00425437176124502	-0.00402022058823531
1017.98079561043	-0.00419429992167911	-0.00396661764705884
1019.98079561043	-0.0041343263530329	-0.00391301470588237
1021.98079561043	-0.0040744507023262	-0.0038594117647059
1023.98079561043	-0.00401467261853461	-0.00380580882352943
1025.98079561043	-0.00395499175257458	-0.00375220588235296
1027.98079561043	-0.003895407757289	-0.00369860294117649
1029.98079561043	-0.00383592028743301	-0.00364500000000002
1031.98079561043	-0.00377652899965961	-0.00359139705882355
1033.98079561043	-0.00371723355250558	-0.00353779411764708
1035.98079561043	-0.00365803360637765	-0.00348419117647061
1037.98079561043	-0.00359892882353849	-0.00343058823529414
1039.98079561043	-0.00353991886809318	-0.00337698529411767
1041.98079561043	-0.00348100340597551	-0.00332338235294119
1043.98079561043	-0.00342218210493467	-0.00326977941176473
1045.98079561043	-0.00336345463452176	-0.00321617647058825
1047.98079561043	-0.00330482066607679	-0.00316257352941179
1049.98079561043	-0.00324627987271539	-0.00310897058823531
1051.98079561043	-0.00318783192931602	-0.00305536764705884
1053.98079561043	-0.00312947651250708	-0.00300176470588237
1055.98079561043	-0.00307121330065419	-0.0029481617647059
1057.98079561043	-0.00301304197384755	-0.00289455882352943
1059.98079561043	-0.00295496221388952	-0.00284095588235296
1061.98079561043	-0.00289697370428224	-0.00278735294117649
1063.98079561043	-0.00283907613021522	-0.00273375000000002
1065.98079561043	-0.00278126917855348	-0.00268014705882355
1067.98079561043	-0.00272355253782516	-0.00262654411764708
1069.98079561043	-0.00266592589820999	-0.00257294117647061
1071.98079561043	-0.0026083889515271	-0.00251933823529414
1073.98079561043	-0.00255094139122342	-0.00246573529411767
1075.98079561043	-0.00249358291236218	-0.0024121323529412
1077.98079561043	-0.00243631321161134	-0.00235852941176473
1079.98079561043	-0.00237913198723208	-0.00230492647058826
1081.98079561043	-0.00232203893906766	-0.00225132352941179
1083.98079561043	-0.00226503376853218	-0.00219772058823531
1085.98079561043	-0.00220811617859931	-0.00214411764705885
1087.98079561043	-0.00215128587379154	-0.00209051470588237
1089.98079561043	-0.00209454256016908	-0.00203691176470591
1091.98079561043	-0.0020378859453192	-0.00198330882352943
1093.98079561043	-0.0019813157383454	-0.00192970588235296
1095.98079561043	-0.00192483164985685	-0.00187610294117649
1097.98079561043	-0.00186843339195789	-0.00182250000000002
1099.98079561043	-0.00181212067823744	-0.00176889705882355
1101.98079561043	-0.00175589322375891	-0.00171529411764708
1103.98079561043	-0.00169975074504977	-0.00166169117647061
1105.98079561043	-0.00164369296009148	-0.00160808823529414
1107.98079561043	-0.00158771958830933	-0.00155448529411767
1109.98079561043	-0.00153183035056251	-0.0015008823529412
1111.98079561043	-0.00147602496913424	-0.00144727941176473
1113.98079561043	-0.0014203031677219	-0.00139367647058826
1115.98079561043	-0.00136466467142735	-0.00134007352941179
1117.98079561043	-0.00130910920674732	-0.00128647058823532
1119.98079561043	-0.00125363650156368	-0.00123286764705885
1121.98079561043	-0.00119824628513421	-0.00117926470588238
1123.98079561043	-0.00114293828808307	-0.00112566176470591
1125.98079561043	-0.00108771224239143	-0.00107205882352943
1127.98079561043	-0.00103256788138836	-0.00101845588235297
1129.98079561043	-0.000977504939741608	-0.000964852941176486
1131.98079561043	-0.000922523153448623	-0.00091125000000003
1133.98079561043	-0.000867622259827311	-0.000857647058823546
1135.98079561043	-0.000812801997507384	-0.00080404411764709
1137.98079561043	-0.000758062106421431	-0.000750441176470606
1139.98079561043	-0.000703402327796032	-0.000696838235294137
1141.98079561043	-0.00064882240414324	-0.000643235294117667
1143.98079561043	-0.000594322079251752	-0.000589632352941197
1145.98079561043	-0.000539901098178641	-0.000536029411764727
1147.98079561043	-0.000485559207240527	-0.000482426470588257
1149.98079561043	-0.000431296154005528	-0.000428823529411787
1151.98079561043	-0.000377111687284604	-0.000375220588235317
1153.98079561043	-0.000323005557123585	-0.000321617647058847
1155.98079561043	-0.000268977514794655	-0.000268014705882377
1157.98079561043	-0.000215027312788552	-0.000214411764705907
1159.98079561043	-0.000161154704806266	-0.000160808823529437
1161.98079561043	-0.000107359445751132	-0.000107205882352968
1163.98079561043	-5.36412917209461e-05	-5.36029411764977e-05
1165.98079561043	-2.77555756156289e-17	-2.77555756156289e-17
1167.98079561043	5.35646709486082e-05	5.3602941176456e-05
1169.98079561043	0.0001070529614908	0.000107205882352912
1171.98079561043	0.000160465110829122	0.000160808823529396
1173.98079561043	0.000213801357010324	0.000214411764705852
1175.98079561043	0.000267061936933044	0.000268014705882336
1177.98079561043	0.000320247086355058	0.000321617647058792
1179.98079561043	0.000373357039900962	0.000375220588235275
1181.98079561043	0.000426392031069367	0.000428823529411732
1183.98079561043	0.000479352292240109	0.000482426470588215
1185.98079561043	0.000532238054681805	0.000536029411764685
1187.98079561043	0.000585049548558647	0.000589632352941155
1189.98079561043	0.000637787002937873	0.000643235294117625
1191.98079561043	0.000690450645796592	0.000696838235294095
1193.98079561043	0.000743040704028836	0.000750441176470565
1195.98079561043	0.000795557403452607	0.000804044117647035
1197.98079561043	0.000848000968816626	0.000857647058823505
1199.98079561043	0.00090037162380735	0.000911249999999975
1201.98079561043	0.000952669591055638	0.000964852941176444
1203.98079561043	0.00100489509214338	0.00101845588235291
1205.98079561043	0.00105704834761042	0.0010720588235294
1207.98079561043	0.00110912957696097	0.00112566176470585
1209.98079561043	0.00116113899867029	0.00117926470588234
1211.98079561043	0.00121307683019112	0.00123286764705879
1213.98079561043	0.00126494328796023	0.00128647058823528
1215.98079561043	0.00131673858740478	0.00134007352941173
1217.98079561043	0.00136846294294868	0.00139367647058822
1219.98079561043	0.00142011656801891	0.00144727941176467
1221.98079561043	0.00147169967505184	0.00150088235294116
1223.98079561043	0.00152321247549925	0.00155448529411761
1225.98079561043	0.00157465517983477	0.0016080882352941
1227.98079561043	0.00162602799755981	0.00166169117647057
1229.98079561043	0.00167733113720958	0.00171529411764704
1231.98079561043	0.0017285648063593	0.00176889705882351
1233.98079561043	0.00177972921163	0.00182249999999998
1235.98079561043	0.00183082455869454	0.00187610294117645
1237.98079561043	0.00188185105228345	0.00192970588235292
1239.98079561043	0.00193280889619077	0.00198330882352939
1241.98079561043	0.00198369829327982	0.00203691176470586
1243.98079561043	0.00203451944548891	0.00209051470588233
1245.98079561043	0.0020852725538372	0.0021441176470588
1247.98079561043	0.00213595781843015	0.00219772058823527
1249.98079561043	0.0021865754384652	0.00225132352941174
1251.98079561043	0.00223712561223738	0.00230492647058822
1253.98079561043	0.00228760853714483	0.00235852941176468
1255.98079561043	0.00233802440969416	0.00241213235294116
1257.98079561043	0.00238837342550613	0.00246573529411762
1259.98079561043	0.00243865577932068	0.0025193382352941
1261.98079561043	0.00248887166500272	0.00257294117647056
1263.98079561043	0.00253902127554709	0.00262654411764704
1265.98079561043	0.002589104803084	0.0026801470588235
1267.98079561043	0.00263912243888423	0.00273374999999998
1269.98079561043	0.00268907437336435	0.00278735294117645
1271.98079561043	0.00273896079609176	0.00284095588235292
1273.98079561043	0.00278878189579002	0.00289455882352939
1275.98079561043	0.00283853786034366	0.00294816176470586
1277.98079561043	0.00288822887680343	0.00300176470588233
1279.98079561043	0.00293785513139128	0.0030553676470588
1281.98079561043	0.00298741680950509	0.00310897058823527
1283.98079561043	0.00303691409572393	0.00316257352941174
1285.98079561043	0.00308634717381276	0.00321617647058821
1287.98079561043	0.0031357162267272	0.00326977941176468
1289.98079561043	0.00318502143661853	0.00332338235294115
1291.98079561043	0.00323426298483842	0.00337698529411762
1293.98079561043	0.00328344105194356	0.0034305882352941
1295.98079561043	0.00333255581770048	0.00348419117647056
1297.98079561043	0.00338160746109015	0.00353779411764704
1299.98079561043	0.00343059616031277	0.0035913970588235
1301.98079561043	0.00347952209279212	0.00364499999999998
1303.98079561043	0.0035283854351803	0.00369860294117644
1305.98079561043	0.00357718636336232	0.00375220588235292
1307.98079561043	0.00362592505246034	0.00380580882352938
1309.98079561043	0.00367460167683847	0.00385941176470586
1311.98079561043	0.00372321641010698	0.00391301470588232
1313.98079561043	0.00377176942512669	0.0039666176470588
1315.98079561043	0.00382026089401352	0.00402022058823527
1317.98079561043	0.00386869098814271	0.00407382352941174
1319.98079561043	0.00391705987815305	0.00412742647058821
1321.98079561043	0.00396536773395134	0.00418102941176468
1323.98079561043	0.00401361472471642	0.00423463235294115
1325.98079561043	0.00406180101890369	0.00428823529411762
1327.98079561043	0.00410992678424885	0.00434183823529409
1329.98079561043	0.00415799218777249	0.00439544117647056
1331.98079561043	0.00420599739578389	0.00444904411764703
1333.98079561043	0.00425394257388534	0.0045026470588235
1335.98079561043	0.00430182788697608	0.00455624999999998
1337.98079561043	0.00434965349925628	0.00460985294117644
1339.98079561043	0.00439741957423118	0.00466345588235292
1341.98079561043	0.00444512627471502	0.00471705882352938
1343.98079561043	0.00449277376283488	0.00477066176470586
1345.98079561043	0.00454036220003476	0.00482426470588232
1347.98079561043	0.00458789174707935	0.0048778676470588
1349.98079561043	0.00463536256405794	0.00493147058823526
1351.98079561043	0.00468277481038828	0.00498507352941174
1353.98079561043	0.00473012864482028	0.0050386764705882
1355.98079561043	0.00477742422543992	0.00509227941176468
1357.98079561043	0.00482466170967288	0.00514588235294115
1359.98079561043	0.00487184125428841	0.00519948529411762
1361.98079561043	0.0049189630154029	0.00525308823529409
1363.98079561043	0.00496602714848357	0.00530669117647056
1365.98079561043	0.00501303380835225	0.00536029411764703
1367.98079561043	0.00505998314918868	0.0054138970588235
1369.98079561043	0.00510687532453458	0.00546749999999997
1371.98079561043	0.00515371048729676	0.00552110294117644
1373.98079561043	0.00520048878975099	0.00557470588235291
1375.98079561043	0.00524721038354534	0.00562830882352938
1377.98079561043	0.00529387541970372	0.00568191176470587
1379.98079561043	0.00534048404862938	0.00573551470588232
1381.98079561043	0.00538703642010829	0.00578911764705881
1383.98079561043	0.00543353268331273	0.00584272058823526
1385.98079561043	0.00547997298680444	0.00589632352941175
1387.98079561043	0.00552635747853816	0.0059499264705882
1389.98079561043	0.00557268630586497	0.00600352941176469
1391.98079561043	0.00561895961553555	0.00605713235294114
1393.98079561043	0.00566517755370352	0.00611073529411763
1395.98079561043	0.00571134026592882	0.00616433823529408
1397.98079561043	0.00575744789718069	0.00621794117647056
1399.98079561043	0.00580350059184129	0.00627154411764703
1401.98079561043	0.00584949849370861	0.0063251470588235
1403.98079561043	0.00589544174599974	0.00637874999999997
1405.98079561043	0.00594133049135417	0.00643235294117644
1407.98079561043	0.00598716487183679	0.00648595588235291
1409.98079561043	0.00603294502894097	0.00653955882352938
1411.98079561043	0.00607867110359189	0.00659316176470585
1413.98079561043	0.00612434323614947	0.00664676470588232
1415.98079561043	0.00616996156641139	0.00670036764705879
1417.98079561043	0.00621552623361624	0.00675397058823526
1419.98079561043	0.00626103737644651	0.00680757352941175
1421.98079561043	0.0063064951330315	0.0068611764705882
1423.98079561043	0.00635189964095051	0.00691477941176469
1425.98079561043	0.00639725103723557	0.00696838235294114
1427.98079561043	0.00644254945837452	0.00702198529411763
1429.98079561043	0.00648779504031388	0.00707558823529408
1431.98079561043	0.00653298791846177	0.00712919117647057
1433.98079561043	0.00657812822769072	0.00718279411764702
1435.98079561043	0.00662321610234068	0.00723639705882351
1437.98079561043	0.00666825167622173	0.00728999999999996
1439.98079561043	0.00671323508261698	0.00734360294117645
1441.98079561043	0.00675816645428529	0.00739720588235292
1443.98079561043	0.00680304592346415	0.00745080882352939
1445.98079561043	0.00684787362187239	0.00750441176470586
1447.98079561043	0.00689264968071293	0.00755801470588233
1449.98079561043	0.00693737423067559	0.0076116176470588
1451.98079561043	0.00698204740193958	0.00766522058823527
1453.98079561043	0.00702666932417656	0.00771882352941174
1455.98079561043	0.00707124012655294	0.00777242647058821
1457.98079561043	0.00711575993773275	0.00782602941176468
1459.98079561043	0.00716022888588025	0.00787963235294115
1461.98079561043	0.00720464709866253	0.00793323529411763
1463.98079561043	0.00724901470325212	0.00798683823529409
1465.98079561043	0.00729333182632957	0.00804044117647057
1467.98079561043	0.007337598594086	0.00809404411764703
1469.98079561043	0.00738181513222583	0.00814764705882351
1471.98079561043	0.00742598156596896	0.00820124999999997
1473.98079561043	0.00747009802005363	0.00825485294117645
1475.98079561043	0.0075141646187388	0.00830845588235291
1477.98079561043	0.00755818148580664	0.00836205882352939
1479.98079561043	0.00760214874456494	0.00841566176470585
1481.98079561043	0.00764606651784969	0.00846926470588233
1483.98079561043	0.00768993492802739	0.0085228676470588
1485.98079561043	0.00773375409699759	0.00857647058823527
1487.98079561043	0.00777752414619523	0.00863007352941174
1489.98079561043	0.00782124519659305	0.00868367647058821
1491.98079561043	0.00786491736870398	0.00873727941176468
1493.98079561043	0.00790854078258346	0.00879088235294115
1495.98079561043	0.00795211555783179	0.00884448529411762
1497.98079561043	0.00799564181359655	0.00889808823529409
1499.98079561043	0.00803911966857482	0.00895169117647056
1501.98079561043	0.00808254924101556	0.00900529411764703
1503.98079561043	0.00812593064872169	0.0090588970588235
1505.98079561043	0.00816926400905271	0.00911249999999997
1507.98079561043	0.00821254943892669	0.00916610294117645
1509.98079561043	0.00825578705482255	0.00921970588235291
1511.98079561043	0.00829897697278237	0.00927330882352939
1513.98079561043	0.00834211930841355	0.00932691176470585
1515.98079561043	0.00838521417689106	0.00938051470588233
1517.98079561043	0.00842826169295952	0.00943411764705879
1519.98079561043	0.00847126197093548	0.00948772058823527
1521.98079561043	0.00851421512470957	0.00954132352941173
1523.98079561043	0.00855712126774852	0.00959492647058821
1525.98079561043	0.00859998051309749	0.00964852941176468
1527.98079561043	0.00864279297338197	0.00970213235294115
1529.98079561043	0.00868555876081009	0.00975573529411762
1531.98079561043	0.00872827798717457	0.00980933823529409
1533.98079561043	0.00877095076385487	0.00986294117647056
1535.98079561043	0.00881357720181916	0.00991654411764703
1537.98079561043	0.00885615741162651	0.0099701470588235
1539.98079561043	0.00889869150342887	0.01002375
1541.98079561043	0.00894117958697302	0.0100773529411764
1543.98079561043	0.00898362177160264	0.0101309558823529
1545.98079561043	0.00902601816626042	0.0101845588235294
1547.98079561043	0.00906836887948981	0.0102381617647058
1549.98079561043	0.00911067401943719	0.0102917647058823
1551.98079561043	0.00915293369385384	0.0103453676470588
1553.98079561043	0.00919514801009769	0.0103989705882353
1555.98079561043	0.00923731707513553	0.0104525735294117
1557.98079561043	0.0092794409955447	0.0105061764705882
1559.98079561043	0.00932151987751514	0.0105597794117647
1561.98079561043	0.00936355382685128	0.0106133823529412
1563.98079561043	0.00940554294897386	0.0106669852941176
1565.98079561043	0.00944748734892192	0.0107205882352941
1567.98079561043	0.00948938713135455	0.0107741911764705
1569.98079561043	0.00953124240055286	0.010827794117647
1571.98079561043	0.00957305326042168	0.0108813970588235
1573.98079561043	0.00961481981449158	0.010935
1575.98079561043	0.00965654216592057	0.0109886029411764
1577.98079561043	0.00969822041749588	0.0110422058823529
1579.98079561043	0.00973985467163591	0.0110958088235294
1581.98079561043	0.00978144503039183	0.0111494117647059
1583.98079561043	0.0098229915954495	0.0112030147058823
1585.98079561043	0.00986449446813123	0.0112566176470588
1587.98079561043	0.0099059537493974	0.0113102205882353
1589.98079561043	0.0099473695398484	0.0113638235294117
1591.98079561043	0.00998874193972621	0.0114174264705882
1593.98079561043	0.0100300710489162	0.0114710294117647
1595.98079561043	0.0100713569669489	0.0115246323529412
1597.98079561043	0.0101125997930015	0.0115782352941176
1599.98079561043	0.0101537996258998	0.0116318382352941
1601.98079561043	0.0101949565641196	0.0116854411764706
1603.98079561043	0.0102360707057888	0.011739044117647
1605.98079561043	0.0102771421486886	0.0117926470588235
1607.98079561043	0.0103181709902553	0.01184625
1609.98079561043	0.0103591573275824	0.0118998529411764
1611.98079561043	0.0104001012574213	0.0119534558823529
1613.98079561043	0.0104410028761839	0.0120070588235294
1615.98079561043	0.0104818622799435	0.0120606617647059
1617.98079561043	0.0105226795644367	0.0121142647058823
1619.98079561043	0.0105634548250653	0.0121678676470588
1621.98079561043	0.0106041881568971	0.0122214705882353
1623.98079561043	0.0106448796546682	0.0122750735294117
1625.98079561043	0.0106855294127843	0.0123286764705882
1627.98079561043	0.0107261375253221	0.0123822794117647
1629.98079561043	0.0107667040860311	0.0124358823529411
1631.98079561043	0.0108072291883351	0.0124894852941176
1633.98079561043	0.0108477129253337	0.0125430882352941
1635.98079561043	0.0108881553898036	0.0125966911764706
1637.98079561043	0.0109285566742004	0.012650294117647
1639.98079561043	0.0109689168706601	0.0127038970588235
1641.98079561043	0.0110092360710004	0.0127575
1643.98079561043	0.0110495143667224	0.0128111029411764
1645.98079561043	0.0110897518490117	0.0128647058823529
1647.98079561043	0.0111299486087405	0.0129183088235294
1649.98079561043	0.0111701047364685	0.0129719117647059
1651.98079561043	0.0112102203224443	0.0130255147058823
1653.98079561043	0.0112502954566076	0.0130791176470588
1655.98079561043	0.0112903302285897	0.0131327205882353
1657.98079561043	0.0113303247277156	0.0131863235294117
1659.98079561043	0.0113702790430048	0.0132399264705882
1661.98079561043	0.0114101932631736	0.0132935294117647
1663.98079561043	0.0114500674766354	0.0133471323529411
1665.98079561043	0.0114899017715031	0.0134007352941176
1667.98079561043	0.0115296962355899	0.0134543382352941
1669.98079561043	0.0115694509564106	0.0135079411764706
1671.98079561043	0.0116091660211836	0.013561544117647
1673.98079561043	0.0116488415168315	0.0136151470588235
1675.98079561043	0.0116884775299829	0.01366875
1677.98079561043	0.0117280741469738	0.0137223529411764
1679.98079561043	0.0117676314538485	0.0137759558823529
1681.98079561043	0.0118071495363615	0.0138295588235294
1683.98079561043	0.0118466284799783	0.0138831617647059
1685.98079561043	0.0118860683698771	0.0139367647058823
1687.98079561043	0.0119254692909499	0.0139903676470588
1689.98079561043	0.0119648313278038	0.0140439705882353
1691.98079561043	0.0120041545647625	0.0140975735294117
1693.98079561043	0.0120434390858672	0.0141511764705882
1695.98079561043	0.0120826849748783	0.0142047794117647
1697.98079561043	0.0121218923152764	0.0142583823529411
1699.98079561043	0.0121610611902636	0.0143119852941176
1701.98079561043	0.0122001916827648	0.0143655882352941
1703.98079561043	0.0122392838754291	0.0144191911764706
1705.98079561043	0.0122783378506306	0.014472794117647
1707.98079561043	0.0123173536904702	0.0145263970588235
1709.98079561043	0.0123563314767763	0.01458
1711.98079561043	0.0123952712911065	0.0146336029411764
1713.98079561043	0.0124341732147483	0.0146872058823529
1715.98079561043	0.0124730373287208	0.0147408088235294
1717.98079561043	0.0125118637137756	0.0147944117647059
1719.98079561043	0.0125506524503981	0.0148480147058823
1721.98079561043	0.0125894036188086	0.0149016176470588
1723.98079561043	0.0126281172989637	0.0149552205882353
1725.98079561043	0.0126667935705571	0.0150088235294117
1727.98079561043	0.0127054325130211	0.0150624264705882
1729.98079561043	0.0127440342055276	0.0151160294117647
1731.98079561043	0.0127825987269893	0.0151696323529411
1733.98079561043	0.0128211261560609	0.0152232352941176
1735.98079561043	0.0128596165711401	0.0152768382352941
1737.98079561043	0.0128980700503687	0.0153304411764706
1739.98079561043	0.0129364866716342	0.015384044117647
1741.98079561043	0.0129748665125703	0.0154376470588235
1743.98079561043	0.0130132096505582	0.01549125
1745.98079561043	0.013051516162728	0.0155448529411764
1747.98079561043	0.0130897861259594	0.0155984558823529
1749.98079561043	0.0131280196168832	0.0156520588235294
1751.98079561043	0.013166216711882	0.0157056617647058
1753.98079561043	0.0132043774870916	0.0157592647058823
1755.98079561043	0.0132425020184017	0.0158128676470588
1757.98079561043	0.0132805903814576	0.0158664705882353
1759.98079561043	0.0133186426516605	0.0159200735294117
1761.98079561043	0.0133566589041691	0.0159736764705882
1763.98079561043	0.0133946392139006	0.0160272794117647
1765.98079561043	0.0134325836555315	0.0160808823529411
1767.98079561043	0.0134704923034988	0.0161344852941176
1769.98079561043	0.0135083652320012	0.0161880882352941
1771.98079561043	0.0135462025149997	0.0162416911764706
1773.98079561043	0.013584004226219	0.016295294117647
1775.98079561043	0.0136217704391485	0.0163488970588235
1777.98079561043	0.0136595012270432	0.0164025
1779.98079561043	0.0136971966629247	0.0164561029411764
1781.98079561043	0.0137348568195821	0.0165097058823529
1783.98079561043	0.0137724817695734	0.0165633088235294
1785.98079561043	0.013810071585226	0.0166169117647059
1787.98079561043	0.0138476263386381	0.0166705147058823
1789.98079561043	0.0138851461016794	0.0167241176470588
1791.98079561043	0.0139226309459922	0.0167777205882353
1793.98079561043	0.0139600809429925	0.0168313235294117
1795.98079561043	0.0139974961638705	0.0168849264705882
1797.98079561043	0.0140348766795922	0.0169385294117647
1799.98079561043	0.0140722225608999	0.0169921323529411
1801.98079561043	0.0141095338783133	0.0170457352941176
1803.98079561043	0.0141468107021304	0.0170993382352941
1805.98079561043	0.0141840531024287	0.0171529411764706
1807.98079561043	0.0142212611490656	0.017206544117647
1809.98079561043	0.0142584349116798	0.0172601470588235
1811.98079561043	0.0142955744596921	0.01731375
1813.98079561043	0.0143326798623064	0.0173673529411764
1815.98079561043	0.0143697511885102	0.0174209558823529
1817.98079561043	0.0144067885070761	0.0174745588235294
1819.98079561043	0.0144437918865624	0.0175281617647058
1821.98079561043	0.0144807613953139	0.0175817647058823
1823.98079561043	0.0145176971014631	0.0176353676470588
1825.98079561043	0.0145545990729307	0.0176889705882353
1827.98079561043	0.0145914673774271	0.0177425735294117
1829.98079561043	0.0146283020824524	0.0177961764705882
1831.98079561043	0.0146651032552982	0.0178497794117647
1833.98079561043	0.0147018709630478	0.0179033823529411
1835.98079561043	0.0147386052725774	0.0179569852941176
1837.98079561043	0.014775306250557	0.0180105882352941
1839.98079561043	0.0148119739634508	0.0180641911764706
1841.98079561043	0.0148486084775188	0.018117794117647
1843.98079561043	0.0148852098588171	0.0181713970588235
1845.98079561043	0.0149217781731987	0.018225
1847.98079561043	0.0149583134863149	0.0182786029411764
1849.98079561043	0.0149948158636154	0.0183322058823529
1851.98079561043	0.0150312853703498	0.0183858088235294
1853.98079561043	0.0150677220715681	0.0184394117647058
1855.98079561043	0.0151041260321214	0.0184930147058823
1857.98079561043	0.0151404973166631	0.0185466176470588
1859.98079561043	0.0151768359896492	0.0186002205882353
1861.98079561043	0.0152131421153399	0.0186538235294117
1863.98079561043	0.0152494157577993	0.0187074264705882
1865.98079561043	0.0152856569808974	0.0187610294117647
1867.98079561043	0.01532186584831	0.0188146323529411
1869.98079561043	0.0153580424235198	0.0188682352941176
1871.98079561043	0.0153941867698175	0.0189218382352941
1873.98079561043	0.015430298950302	0.0189754411764706
1875.98079561043	0.0154663790278815	0.019029044117647
1877.98079561043	0.0155024270652745	0.0190826470588235
1879.98079561043	0.0155384431250102	0.01913625
1881.98079561043	0.0155744272694293	0.0191898529411764
1883.98079561043	0.015610379560685	0.0192434558823529
1885.98079561043	0.0156463000607436	0.0192970588235294
1887.98079561043	0.0156821888313853	0.0193506617647058
1889.98079561043	0.0157180459342049	0.0194042647058823
1891.98079561043	0.0157538714306129	0.0194578676470588
1893.98079561043	0.0157896653818354	0.0195114705882353
1895.98079561043	0.0158254278489158	0.0195650735294117
1897.98079561043	0.0158611588927152	0.0196186764705882
1899.98079561043	0.0158968585739127	0.0196722794117647
1901.98079561043	0.0159325269530068	0.0197258823529411
1903.98079561043	0.0159681640903157	0.0197794852941176
1905.98079561043	0.0160037700459784	0.0198330882352941
1907.98079561043	0.0160393448799547	0.0198866911764705
1909.98079561043	0.0160748886520269	0.019940294117647
1911.98079561043	0.0161104014217997	0.0199938970588235
1913.98079561043	0.0161458832487013	0.0200475
1915.98079561043	0.0161813341919841	0.0201011029411764
1917.98079561043	0.0162167543107253	0.0201547058823529
1919.98079561043	0.0162521436638275	0.0202083088235294
1921.98079561043	0.0162875023100198	0.0202619117647058
1923.98079561043	0.0163228303078579	0.0203155147058823
1925.98079561043	0.0163581277157253	0.0203691176470588
1927.98079561043	0.0163933945918338	0.0204227205882353
1929.98079561043	0.0164286309942243	0.0204763235294117
1931.98079561043	0.0164638369807669	0.0205299264705882
1933.98079561043	0.0164990126091626	0.0205835294117647
1935.98079561043	0.016534157936943	0.0206371323529412
1937.98079561043	0.0165692730214716	0.0206907352941176
1939.98079561043	0.0166043579199442	0.0207443382352941
1941.98079561043	0.0166394126893894	0.0207979411764705
1943.98079561043	0.0166744373866698	0.020851544117647
1945.98079561043	0.016709432068482	0.0209051470588235
1947.98079561043	0.0167443967913579	0.02095875
1949.98079561043	0.0167793316116648	0.0210123529411764
1951.98079561043	0.0168142365856061	0.0210659558823529
1953.98079561043	0.0168491117692225	0.0211195588235294
1955.98079561043	0.0168839572183921	0.0211731617647059
1957.98079561043	0.016918772988831	0.0212267647058823
1959.98079561043	0.0169535591360943	0.0212803676470588
1961.98079561043	0.0169883157155766	0.0213339705882353
1963.98079561043	0.0170230427825124	0.0213875735294117
1965.98079561043	0.017057740391977	0.0214411764705882
1967.98079561043	0.0170924085988871	0.0214947794117647
1969.98079561043	0.0171270474580011	0.0215483823529411
1971.98079561043	0.0171616570239202	0.0216019852941176
1973.98079561043	0.0171962373510886	0.0216555882352941
1975.98079561043	0.0172307884937944	0.0217091911764705
1977.98079561043	0.0172653105061699	0.021762794117647
1979.98079561043	0.0172998034421927	0.0218163970588235
1981.98079561043	0.0173342673556856	0.02187
1983.98079561043	0.0173687023003178	0.0219236029411764
1985.98079561043	0.0174031083296053	0.0219772058823529
1987.98079561043	0.0174374854969113	0.0220308088235294
1989.98079561043	0.0174718338554472	0.0220844117647059
1991.98079561043	0.0175061534582727	0.0221380147058823
1993.98079561043	0.0175404443582967	0.0221916176470588
1995.98079561043	0.0175747066082779	0.0222452205882353
1997.98079561043	0.0176089402608251	0.0222988235294117
1999.98079561043	0.0176431453683981	0.0223524264705882
2001.98079561043	0.017677321983308	0.0224060294117647
2003.98079561043	0.0177114701577181	0.0224596323529411
2005.98079561043	0.0177455899436441	0.0225132352941176
2007.98079561043	0.0177796813929547	0.0225668382352941
2009.98079561043	0.0178137445573726	0.0226204411764706
2011.98079561043	0.0178477794884744	0.022674044117647
2013.98079561043	0.0178817862376919	0.0227276470588235
2015.98079561043	0.0179157648563118	0.02278125
2017.98079561043	0.017949715395477	0.0228348529411764
2019.98079561043	0.0179836379061868	0.0228884558823529
2021.98079561043	0.0180175324392974	0.0229420588235294
2023.98079561043	0.0180513990455226	0.0229956617647059
2025.98079561043	0.0180852377754343	0.0230492647058823
2027.98079561043	0.0181190486794629	0.0231028676470588
2029.98079561043	0.018152831807898	0.0231564705882353
2031.98079561043	0.0181865872108889	0.0232100735294117
2033.98079561043	0.0182203149384451	0.0232636764705882
2035.98079561043	0.0182540150404369	0.0233172794117647
2037.98079561043	0.0182876875665956	0.0233708823529411
2039.98079561043	0.0183213325665145	0.0234244852941176
2041.98079561043	0.0183549500896492	0.0234780882352941
2043.98079561043	0.0183885401853181	0.0235316911764706
2045.98079561043	0.0184221029027027	0.023585294117647
2047.98079561043	0.0184556382908487	0.0236388970588235
2049.98079561043	0.0184891463986659	0.0236925
2051.98079561043	0.0185226272749291	0.0237461029411764
2053.98079561043	0.0185560809682782	0.0237997058823529
2055.98079561043	0.0185895075272193	0.0238533088235294
2057.98079561043	0.0186229070001247	0.0239069117647058
2059.98079561043	0.0186562794352336	0.0239605147058823
2061.98079561043	0.0186896248806524	0.0240141176470588
2063.98079561043	0.0187229433843557	0.0240677205882353
2065.98079561043	0.0187562349941859	0.0241213235294117
2067.98079561043	0.0187894997578548	0.0241749264705882
2069.98079561043	0.0188227377229432	0.0242285294117647
2071.98079561043	0.0188559489369017	0.0242821323529411
2073.98079561043	0.0188891334470513	0.0243357352941176
2075.98079561043	0.0189222913005836	0.0243893382352941
2077.98079561043	0.0189554225445616	0.0244429411764706
2079.98079561043	0.01898852722592	0.024496544117647
2081.98079561043	0.0190216053914655	0.0245501470588235
2083.98079561043	0.0190546570878776	0.02460375
2085.98079561043	0.0190876823617089	0.0246573529411764
2087.98079561043	0.0191206812593857	0.0247109558823529
2089.98079561043	0.0191536538272081	0.0247645588235294
2091.98079561043	0.0191866001113509	0.0248181617647058
2093.98079561043	0.0192195201578639	0.0248717647058823
2095.98079561043	0.019252414012672	0.0249253676470588
2097.98079561043	0.0192852817215766	0.0249789705882353
2099.98079561043	0.0193181233302548	0.0250325735294117
2101.98079561043	0.019350938884261	0.0250861764705882
2103.98079561043	0.0193837284290264	0.0251397794117647
2105.98079561043	0.0194164920098602	0.0251933823529411
2107.98079561043	0.0194492296719496	0.0252469852941176
2109.98079561043	0.0194819414603606	0.0253005882352941
2111.98079561043	0.0195146274200377	0.0253541911764706
2113.98079561043	0.0195472875958055	0.025407794117647
2115.98079561043	0.019579922032368	0.0254613970588235
2117.98079561043	0.0196125307743097	0.025515
2119.98079561043	0.0196451138660959	0.0255686029411764
2121.98079561043	0.0196776713520731	0.0256222058823529
2123.98079561043	0.0197102032764693	0.0256758088235294
2125.98079561043	0.0197427096833947	0.0257294117647058
2127.98079561043	0.0197751906168419	0.0257830147058823
2129.98079561043	0.0198076461206863	0.0258366176470588
2131.98079561043	0.0198400762386868	0.0258902205882353
2133.98079561043	0.0198724810144859	0.0259438235294117
2135.98079561043	0.0199048604916104	0.0259974264705882
2137.98079561043	0.0199372147134715	0.0260510294117647
2139.98079561043	0.0199695437233654	0.0261046323529411
2141.98079561043	0.0200018475644739	0.0261582352941176
2143.98079561043	0.0200341262798644	0.0262118382352941
2145.98079561043	0.0200663799124905	0.0262654411764706
2147.98079561043	0.0200986085051926	0.026319044117647
2149.98079561043	0.0201308121006981	0.0263726470588235
2151.98079561043	0.0201629907416215	0.02642625
2153.98079561043	0.0201951444704656	0.0264798529411764
2155.98079561043	0.0202272733296211	0.0265334558823529
2157.98079561043	0.0202593773613675	0.0265870588235294
2159.98079561043	0.0202914566078732	0.0266406617647058
2161.98079561043	0.0203235111111961	0.0266942647058823
2163.98079561043	0.0203555409132838	0.0267478676470588
2165.98079561043	0.0203875460559743	0.0268014705882353
